highlighted_xpaths,highlighted_segmented_text,highlighted_labels,segment_number_from_idx,highlighted_coordinates,num_entries_1,exploded_highlight_node_order,top,left,width,height,top_via_line_group,size
/html/body/document/type/sequence/filename/description/text/center[1]/div/p[2]/b,AGREEMENT AND PLAN OF MERGER,t,1,"[0.001315798774470429, 0.25862389118864576, 0.48255470136014195, 0.003932090973768159]",6,0,0.001315798774470429,0.25862389118864576,0.48255470136014195,0.003932090973768159,0.001315798774470429,6
/html/body/document/type/sequence/filename/description/text/center[1]/div/p[3]/b,by and between,t,1,"[0.001315798774470429, 0.25862389118864576, 0.48255470136014195, 0.003932090973768159]",6,1,0.001315798774470429,0.25862389118864576,0.48255470136014195,0.003932090973768159,0.001315798774470429,6
/html/body/document/type/sequence/filename/description/text/center[1]/div/p[4]/b,"COLUMBIA BANKING SYSTEM, INC.",t,1,"[0.001315798774470429, 0.25862389118864576, 0.48255470136014195, 0.003932090973768159]",6,2,0.001315798774470429,0.25862389118864576,0.48255470136014195,0.003932090973768159,0.001315798774470429,6
/html/body/document/type/sequence/filename/description/text/center[1]/div/p[5]/b,AND,t,1,"[0.001315798774470429, 0.25862389118864576, 0.48255470136014195, 0.003932090973768159]",6,3,0.001315798774470429,0.25862389118864576,0.48255470136014195,0.003932090973768159,0.001315798774470429,6
/html/body/document/type/sequence/filename/description/text/center[1]/div/p[6]/b,BANK OF COMMERCE HOLDINGS,t,1,"[0.001315798774470429, 0.25862389118864576, 0.48255470136014195, 0.003932090973768159]",6,4,0.001315798774470429,0.25862389118864576,0.48255470136014195,0.003932090973768159,0.001315798774470429,6
/html/body/document/type/sequence/filename/description/text/center[1]/div/p[7]/b,"Dated as of June 23, 2021",t,1,"[0.001315798774470429, 0.25862389118864576, 0.48255470136014195, 0.003932090973768159]",6,5,0.001315798774470429,0.25862389118864576,0.48255470136014195,0.003932090973768159,0.001315798774470429,6
/html/body/document/type/sequence/filename/description/text/center[2]/div/p[1]/b/u,TABLE OF CONTENTS,t,0,"[0.006510155371445619, 0.4578344175044352, 0.0841277350680071, 0.0003366006471897735]",1,6,0.006510155371445619,0.4578344175044352,0.0841277350680071,0.0003366006471897735,0.006510155371445619,1
/html/body/document/type/sequence/filename/description/text/center[10]/div/p[2]/b,ARTICLE I,sn,2,"[0.12357033025038441, 0.47955470136014194, 0.04069337670017741, 0.0003366006471897735]",1,7,0.12357033025038441,0.47955470136014194,0.04069337670017741,0.0003366006471897735,0.12357033025038441,1
/html/body/document/type/sequence/filename/description/text/center[10]/div/p[3]/b,MERGERS,st,4,"[0.12392238312716591, 0.47996747486694263, 0.03986794795978711, 0.0003366006471897735]",1,8,0.12392238312716591,0.47996747486694263,0.03986794795978711,0.0003366006471897735,0.12392238312716591,1
/html/body/document/type/sequence/filename/description/text/center[10]/div/p[4],1.1,ssn,320,"[0.12464140637550777, 0.2779237137788291, 0.011685629804849202, 0.0003366006471897735]",1,9,0.12464140637550777,0.2779237137788291,0.011685629804849202,0.0003366006471897735,0.12464140637550777,1
/html/body/document/type/sequence/filename/description/text/center[10]/div/p[4]/u,The Merger,sst,321,"[0.12464140637550777, 0.28960910703725606, 0.03686179775280899, 0.0003366006471897735]",1,10,0.12464140637550777,0.28960910703725606,0.03686179775280899,0.0003366006471897735,0.12464140637550777,1
/html/body/document/type/sequence/filename/description/text/center[10]/div/p[5],1.2,ssn,325,"[0.12641612925435475, 0.2779237137788291, 0.011827321111768185, 0.0003366006471897735]",1,11,0.12641612925435475,0.2779237137788291,0.011827321111768185,0.0003366006471897735,0.12641612925435475,1
/html/body/document/type/sequence/filename/description/text/center[10]/div/p[5]/u[1],Effective Time,sst,322,"[0.12641612925435475, 0.2897510348905973, 0.04693968066232998, 0.0003366006471897735]",1,12,0.12641612925435475,0.2897510348905973,0.04693968066232998,0.0003366006471897735,0.12641612925435475,1
/html/body/document/type/sequence/filename/description/text/center[10]/div/p[6],1.3,ssn,326,"[0.12924678126362657, 0.2779237137788291, 0.011827321111768185, 0.0003366006471897735]",1,13,0.12924678126362657,0.2779237137788291,0.011827321111768185,0.0003366006471897735,0.12924678126362657,1
/html/body/document/type/sequence/filename/description/text/center[10]/div/p[6]/u,Effects of the Merger,sst,323,"[0.12924678126362657, 0.2897510348905973, 0.0669290360733294, 0.0003366006471897735]",1,14,0.12924678126362657,0.2897510348905973,0.0669290360733294,0.0003366006471897735,0.12924678126362657,1
/html/body/document/type/sequence/filename/description/text/center[10]/div/p[7],1.4,ssn,327,"[0.13031762788883025, 0.2779237137788291, 0.011827321111768185, 0.0003366006471897735]",1,15,0.13031762788883025,0.2779237137788291,0.011827321111768185,0.0003366006471897735,0.13031762788883025,1
/html/body/document/type/sequence/filename/description/text/center[10]/div/p[7]/u,Conversion of Stock,sst,324,"[0.13031762788883025, 0.2897510348905973, 0.06482850384387936, 0.0003366006471897735]",1,16,0.13031762788883025,0.2897510348905973,0.06482850384387936,0.0003366006471897735,0.13031762788883025,1
/html/body/document/type/sequence/filename/description/text/center[10]/div/p[11],-2-,n,5,"[0.13519840268055905, 0.49529982259018335, 0.0091969840331165, 0.0003366006471897735]",1,17,0.13519840268055905,0.49529982259018335,0.0091969840331165,0.0003366006471897735,0.13519840268055905,1
/html/body/document/type/sequence/filename/description/text/center[11]/div/p[15],-3-,n,6,"[0.14908314782089827, 0.49529982259018335, 0.0091969840331165, 0.0003366006471897735]",1,18,0.14908314782089827,0.49529982259018335,0.0091969840331165,0.0003366006471897735,0.14908314782089827,1
/html/body/document/type/sequence/filename/description/text/center[12]/div/p[4],1.5,ssn,315,"[0.15640419525853166, 0.2779237137788291, 0.011827321111768185, 0.0003366006471897735]",1,19,0.15640419525853166,0.2779237137788291,0.011827321111768185,0.0003366006471897735,0.15640419525853166,1
/html/body/document/type/sequence/filename/description/text/center[12]/div/p[4]/u[1],Company Restricted Stock Awards,sst,314,"[0.15640419525853166, 0.2897510348905973, 0.10987108219988173, 0.0003366006471897735]",1,20,0.15640419525853166,0.2897510348905973,0.10987108219988173,0.0003366006471897735,0.15640419525853166,1
/html/body/document/type/sequence/filename/description/text/center[12]/div/p[6],-4-,n,7,"[0.15843917104629013, 0.49529982259018335, 0.0091969840331165, 0.0003366006471897735]",1,21,0.15843917104629013,0.49529982259018335,0.0091969840331165,0.0003366006471897735,0.15843917104629013,1
/html/body/document/type/sequence/filename/description/text/center[13]/div/p[1],1.6,ssn,316,"[0.1593952677116563, 0.2779237137788291, 0.011827321111768185, 0.0003366006471897735]",1,22,0.1593952677116563,0.2779237137788291,0.011827321111768185,0.0003366006471897735,0.1593952677116563,1
/html/body/document/type/sequence/filename/description/text/center[13]/div/p[1]/u[1],Company Stock Options,sst,312,"[0.1593952677116563, 0.2897510348905973, 0.07753696037847428, 0.0003366006471897735]",1,23,0.1593952677116563,0.2897510348905973,0.07753696037847428,0.0003366006471897735,0.1593952677116563,1
/html/body/document/type/sequence/filename/description/text/center[13]/div/p[2],1.7,ssn,317,"[0.16363344272829505, 0.2779237137788291, 0.011827321111768185, 0.00033659835219057674]",1,24,0.16363344272829505,0.2779237137788291,0.011827321111768185,0.00033659835219057674,0.16363344272829505,1
/html/body/document/type/sequence/filename/description/text/center[13]/div/p[2]/u[1],Company,sst,311,"[0.16363344272829505, 0.2897510348905973, 0.056728030751034886, 0.0003366006471897735]",2,25,0.16363344272829505,0.2897510348905973,0.056728030751034886,0.0003366006471897735,0.16363344272829505,2
/html/body/document/type/sequence/filename/description/text/center[13]/div/p[2]/u[2],Actions,sst,311,"[0.16363344272829505, 0.2897510348905973, 0.056728030751034886, 0.0003366006471897735]",2,26,0.16363344272829505,0.2897510348905973,0.056728030751034886,0.0003366006471897735,0.16363344272829505,2
/html/body/document/type/sequence/filename/description/text/center[13]/div/p[3],1.8,ssn,318,"[0.16646386523764717, 0.2779237137788291, 0.011396096984033117, 0.0003366006471897735]",1,27,0.16646386523764717,0.2779237137788291,0.011396096984033117,0.0003366006471897735,0.16646386523764717,1
/html/body/document/type/sequence/filename/description/text/center[13]/div/p[3]/u[1],Articles of Incorporation and Bylaws,sst,310,"[0.16646386523764717, 0.28931992903607334, 0.11736782968657598, 0.0003366006471897735]",1,28,0.16646386523764717,0.28931992903607334,0.11736782968657598,0.0003366006471897735,0.16646386523764717,1
/html/body/document/type/sequence/filename/description/text/center[13]/div/p[4],1.9,ssn,319,"[0.16788676473963235, 0.2779237137788291, 0.011827321111768185, 0.0003366006471897735]",1,29,0.16788676473963235,0.2779237137788291,0.011827321111768185,0.0003366006471897735,0.16788676473963235,1
/html/body/document/type/sequence/filename/description/text/center[13]/div/p[4]/u[1],Parent Board of Directors,sst,309,"[0.16788676473963235, 0.2897510348905973, 0.12225251330573626, 0.0003366006471897735]",2,30,0.16788676473963235,0.2897510348905973,0.12225251330573626,0.0003366006471897735,0.16788676473963235,2
/html/body/document/type/sequence/filename/description/text/center[13]/div/p[4]/u[2],and Officers,sst,309,"[0.16788676473963235, 0.2897510348905973, 0.12225251330573626, 0.0003366006471897735]",2,31,0.16788676473963235,0.2897510348905973,0.12225251330573626,0.0003366006471897735,0.16788676473963235,2
/html/body/document/type/sequence/filename/description/text/center[13]/div/p[5],1.10,ssn,307,"[0.169661717118399, 0.2779237137788291, 0.01576978119455943, 0.0003366006471897735]",1,32,0.169661717118399,0.2779237137788291,0.01576978119455943,0.0003366006471897735,0.169661717118399,1
/html/body/document/type/sequence/filename/description/text/center[13]/div/p[5]/u,Bank Merger,sst,308,"[0.169661717118399, 0.29369308101714964, 0.04124163217031342, 0.0003366006471897735]",1,33,0.169661717118399,0.29369308101714964,0.04124163217031342,0.0003366006471897735,0.169661717118399,1
/html/body/document/type/sequence/filename/description/text/center[13]/div/p[7],-5-,n,8,"[0.17099281665251417, 0.49529982259018335, 0.0091969840331165, 0.0003366006471897735]",1,34,0.17099281665251417,0.49529982259018335,0.0091969840331165,0.0003366006471897735,0.17099281665251417,1
/html/body/document/type/sequence/filename/description/text/center[14]/div/p[2],1.11,ssn,304,"[0.17337181281986552, 0.2779237137788291, 0.015480248373743347, 0.0003366006471897735]",1,35,0.17337181281986552,0.2779237137788291,0.015480248373743347,0.0003366006471897735,0.17337181281986552,1
/html/body/document/type/sequence/filename/description/text/center[14]/div/p[2]/u[1],Change in Structure,sst,303,"[0.17337181281986552, 0.2934039030159669, 0.06306682436428149, 0.0003366006471897735]",1,36,0.17337181281986552,0.2934039030159669,0.06306682436428149,0.0003366006471897735,0.17337181281986552,1
/html/body/document/type/sequence/filename/description/text/center[14]/div/p[3]/b,ARTICLE II,sn,9,"[0.17586578844697404, 0.47802069781194556, 0.04376108811354228, 0.0003366006471897735]",1,37,0.17586578844697404,0.47802069781194556,0.04376108811354228,0.0003366006471897735,0.17586578844697404,1
/html/body/document/type/sequence/filename/description/text/center[14]/div/p[4]/b,DELIVERY OF MERGER CONSIDERATION,st,10,"[0.17621761182383586, 0.4199006505026612, 0.1599952690715553, 0.0003366006471897735]",1,38,0.17621761182383586,0.4199006505026612,0.1599952690715553,0.0003366006471897735,0.17621761182383586,1
/html/body/document/type/sequence/filename/description/text/center[14]/div/p[5],2.1,ssn,305,"[0.1769368645720974, 0.2779237137788291, 0.00985612063867534, 0.0003366006471897735]",1,39,0.1769368645720974,0.2779237137788291,0.00985612063867534,0.0003366006471897735,0.1769368645720974,1
/html/body/document/type/sequence/filename/description/text/center[14]/div/p[5]/u[1],Delivery of Merger Consideration,sst,302,"[0.1769368645720974, 0.2897510348905973, 0.10736960378474276, 0.0003366006471897735]",1,40,0.1769368645720974,0.2897510348905973,0.10736960378474276,0.0003366006471897735,0.1769368645720974,1
/html/body/document/type/sequence/filename/description/text/center[14]/div/p[6],2.2,ssn,306,"[0.17906341082780622, 0.2779237137788291, 0.00985612063867534, 0.0003366006471897735]",1,41,0.17906341082780622,0.2779237137788291,0.00985612063867534,0.0003366006471897735,0.17906341082780622,1
/html/body/document/type/sequence/filename/description/text/center[14]/div/p[6]/u,Exchange Procedures,sst,301,"[0.17906341082780622, 0.2897510348905973, 0.06809343583678297, 0.0003366006471897735]",1,42,0.17906341082780622,0.2897510348905973,0.06809343583678297,0.0003366006471897735,0.17906341082780622,1
/html/body/document/type/sequence/filename/description/text/center[14]/div/p[9],-6-,n,11,"[0.18357698574805498, 0.49529982259018335, 0.0091969840331165, 0.0003366006471897735]",1,43,0.18357698574805498,0.49529982259018335,0.0091969840331165,0.0003366006471897735,0.18357698574805498,1
/html/body/document/type/sequence/filename/description/text/center[15]/div/p[5],-7-,n,12,"[0.19539623161131894, 0.49529982259018335, 0.0091969840331165, 0.0003366006471897735]",1,44,0.19539623161131894,0.49529982259018335,0.0091969840331165,0.0003366006471897735,0.19539623161131894,1
/html/body/document/type/sequence/filename/description/text/center[16]/div/p[6],-8-,n,13,"[0.2065269777155578, 0.49529982259018335, 0.0091969840331165, 0.0003366006471897735]",1,45,0.2065269777155578,0.49529982259018335,0.0091969840331165,0.0003366006471897735,0.2065269777155578,1
/html/body/document/type/sequence/filename/description/text/center[17]/div/p[2]/b,ARTICLE III,sn,14,"[0.2099770500080325, 0.47648728562980486, 0.046828799526907154, 0.0003366006471897735]",1,46,0.2099770500080325,0.47648728562980486,0.046828799526907154,0.0003366006471897735,0.2099770500080325,1
/html/body/document/type/sequence/filename/description/text/center[17]/div/p[3]/b,REPRESENTATIONS AND WARRANTIES OF THE COMPANY,st,15,"[0.210329102884814, 0.3879237137788291, 0.22394914251921938, 0.0003366006471897735]",1,47,0.210329102884814,0.3879237137788291,0.22394914251921938,0.0003366006471897735,0.210329102884814,1
/html/body/document/type/sequence/filename/description/text/center[17]/div/p[5],3.1,ssn,294,"[0.2147506483372731, 0.2779237137788291, 0.011827321111768185, 0.0003366006471897735]",1,48,0.2147506483372731,0.2779237137788291,0.011827321111768185,0.0003366006471897735,0.2147506483372731,1
/html/body/document/type/sequence/filename/description/text/center[17]/div/p[5]/u,Corporate Organization,sst,293,"[0.2147506483372731, 0.2897510348905973, 0.07451803666469545, 0.0003366006471897735]",1,49,0.2147506483372731,0.2897510348905973,0.07451803666469545,0.0003366006471897735,0.2147506483372731,1
/html/body/document/type/sequence/filename/description/text/center[17]/div/p[6],(a),sssn,298,"[0.21546990108553463, 0.30205263157894735, 0.008753459491425192, 0.0003366006471897735]",1,50,0.21546990108553463,0.30205263157894735,0.008753459491425192,0.0003366006471897735,0.21546990108553463,1
/html/body/document/type/sequence/filename/description/text/center[17]/div/p[6]/i[1],Organization,ssst,297,"[0.21546990108553463, 0.3127770549970431, 0.0417652276759314, 0.0003366006471897735]",1,51,0.21546990108553463,0.3127770549970431,0.0417652276759314,0.0003366006471897735,0.21546990108553463,1
/html/body/document/type/sequence/filename/description/text/center[17]/div/p[7],(b),sssn,299,"[0.21759644734124342, 0.30205263157894735, 0.0091969840331165, 0.0003366006471897735]",1,52,0.21759644734124342,0.30205263157894735,0.0091969840331165,0.0003366006471897735,0.21759644734124342,1
/html/body/document/type/sequence/filename/description/text/center[17]/div/p[7]/i,Articles and Bylaws,ssst,296,"[0.21759644734124342, 0.31322057953873444, 0.06307273802483737, 0.0003366006471897735]",1,53,0.21759644734124342,0.31322057953873444,0.06307273802483737,0.0003366006471897735,0.21759644734124342,1
/html/body/document/type/sequence/filename/description/text/center[17]/div/p[9],-9-,n,16,"[0.2192795997521401, 0.49529982259018335, 0.0091969840331165, 0.0003366006471897735]",1,54,0.2192795997521401,0.49529982259018335,0.0091969840331165,0.0003366006471897735,0.2192795997521401,1
/html/body/document/type/sequence/filename/description/text/center[18]/div/p[1],(c),sssn,300,"[0.22023569641750626, 0.30205263157894735, 0.008753459491425192, 0.0003366006471897735]",1,55,0.22023569641750626,0.30205263157894735,0.008753459491425192,0.0003366006471897735,0.22023569641750626,1
/html/body/document/type/sequence/filename/description/text/center[18]/div/p[1]/i,Subsidiaries,ssst,295,"[0.22023569641750626, 0.3127770549970431, 0.038993199290360735, 0.0003366006471897735]",1,56,0.22023569641750626,0.3127770549970431,0.038993199290360735,0.0003366006471897735,0.22023569641750626,1
/html/body/document/type/sequence/filename/description/text/center[18]/div/p[2],3.2,ssn,291,"[0.22764097032566039, 0.2779237137788291, 0.011827321111768185, 0.00033659835219057674]",1,57,0.22764097032566039,0.2779237137788291,0.011827321111768185,0.00033659835219057674,0.22764097032566039,1
/html/body/document/type/sequence/filename/description/text/center[18]/div/p[2]/u[2],Capitalization,sst,292,"[0.22764097032566039, 0.2897510348905973, 0.04422927261975163, 0.00033659835219057674]",1,58,0.22764097032566039,0.2897510348905973,0.04422927261975163,0.00033659835219057674,0.22764097032566039,1
/html/body/document/type/sequence/filename/description/text/center[18]/div/p[5],-10-,n,17,"[0.23004383448465796, 0.49332879952690717, 0.013139444115907747, 0.0003366006471897735]",1,59,0.23004383448465796,0.49332879952690717,0.013139444115907747,0.0003366006471897735,0.23004383448465796,1
/html/body/document/type/sequence/filename/description/text/center[19]/div/p[4],-11-,n,18,"[0.24149588047644185, 0.4934766410408043, 0.012843761088113543, 0.0003366006471897735]",1,60,0.24149588047644185,0.4934766410408043,0.012843761088113543,0.0003366006471897735,0.24149588047644185,1
/html/body/document/type/sequence/filename/description/text/center[20]/div/p[3],3.3,ssn,290,"[0.24740779840727053, 0.2779237137788291, 0.011396096984033117, 0.0003366006471897735]",1,61,0.24740779840727053,0.2779237137788291,0.011396096984033117,0.0003366006471897735,0.24740779840727053,1
/html/body/document/type/sequence/filename/description/text/center[20]/div/p[3]/u,Authority; No Violation,sst,289,"[0.24740779840727053, 0.28931992903607334, 0.07560260201064459, 0.0003366006471897735]",1,62,0.24740779840727053,0.28931992903607334,0.07560260201064459,0.0003366006471897735,0.24740779840727053,1
/html/body/document/type/sequence/filename/description/text/center[20]/div/p[6],-12-,n,19,"[0.2526266265806807, 0.49332879952690717, 0.013139444115907747, 0.0003366006471897735]",1,63,0.2526266265806807,0.49332879952690717,0.013139444115907747,0.0003366006471897735,0.2526266265806807,1
/html/body/document/type/sequence/filename/description/text/center[21]/div/p[2],3.4,ssn,287,"[0.2578202097629266, 0.2779237137788291, 0.00985612063867534, 0.00033659835219057674]",1,64,0.2578202097629266,0.2779237137788291,0.00985612063867534,0.00033659835219057674,0.2578202097629266,1
/html/body/document/type/sequence/filename/description/text/center[21]/div/p[2]/u[1],Consents and Approvals,sst,288,"[0.2578202097629266, 0.2897510348905973, 0.07665582495564754, 0.00033659835219057674]",1,65,0.2578202097629266,0.2897510348905973,0.07665582495564754,0.00033659835219057674,0.2578202097629266,1
/html/body/document/type/sequence/filename/description/text/center[21]/div/p[4],-13-,n,20,"[0.2644298074495674, 0.49332879952690717, 0.013139444115907747, 0.0003366006471897735]",1,66,0.2644298074495674,0.49332879952690717,0.013139444115907747,0.0003366006471897735,0.2644298074495674,1
/html/body/document/type/sequence/filename/description/text/center[22]/div/p[1],3.5,ssn,286,"[0.2653868221146123, 0.2779237137788291, 0.011827321111768185, 0.0003366006471897735]",1,67,0.2653868221146123,0.2779237137788291,0.011827321111768185,0.0003366006471897735,0.2653868221146123,1
/html/body/document/type/sequence/filename/description/text/center[22]/div/p[1]/u,Reports,sst,285,"[0.2653868221146123, 0.2897510348905973, 0.024529390892962744, 0.0003366006471897735]",1,68,0.2653868221146123,0.2897510348905973,0.024529390892962744,0.0003366006471897735,0.2653868221146123,1
/html/body/document/type/sequence/filename/description/text/center[22]/div/p[6],-14-,n,21,"[0.27520941867670345, 0.49332879952690717, 0.013139444115907747, 0.0003366006471897735]",1,69,0.27520941867670345,0.49332879952690717,0.013139444115907747,0.0003366006471897735,0.27520941867670345,1
/html/body/document/type/sequence/filename/description/text/center[23]/div/p[1],3.6,ssn,284,"[0.27616413834255155, 0.2779237137788291, 0.011827321111768185, 0.0003366006471897735]",1,70,0.27616413834255155,0.2779237137788291,0.011827321111768185,0.0003366006471897735,0.27616413834255155,1
/html/body/document/type/sequence/filename/description/text/center[23]/div/p[1]/u,Financial Statements,sst,283,"[0.27616413834255155, 0.2897510348905973, 0.06591247782377291, 0.0003366006471897735]",1,71,0.27616413834255155,0.2897510348905973,0.06591247782377291,0.0003366006471897735,0.27616413834255155,1
/html/body/document/type/sequence/filename/description/text/center[23]/div/p[4],3.7,ssn,280,"[0.28359993574002246, 0.2779237137788291, 0.011827321111768185, 0.0003366006471897735]",1,72,0.28359993574002246,0.2779237137788291,0.011827321111768185,0.0003366006471897735,0.28359993574002246,1
/html/body/document/type/sequence/filename/description/text/center[23]/div/p[4]/u[1],Broker,sst,281,"[0.28359993574002246, 0.2897510348905973, 0.043878119455943235, 0.0003366006471897735]",3,73,0.28359993574002246,0.2897510348905973,0.043878119455943235,0.0003366006471897735,0.28359993574002246,3
/html/body/document/type/sequence/filename/description/text/center[23]/div/p[4]/u[2],’,sst,281,"[0.28359993574002246, 0.2897510348905973, 0.043878119455943235, 0.0003366006471897735]",3,74,0.28359993574002246,0.2897510348905973,0.043878119455943235,0.0003366006471897735,0.28359993574002246,3
/html/body/document/type/sequence/filename/description/text/center[23]/div/p[4]/u[3],s Fees,sst,281,"[0.28359993574002246, 0.2897510348905973, 0.043878119455943235, 0.0003366006471897735]",3,75,0.28359993574002246,0.2897510348905973,0.043878119455943235,0.0003366006471897735,0.28359993574002246,3
/html/body/document/type/sequence/filename/description/text/center[23]/div/p[5],3.8,ssn,279,"[0.2853762651183072, 0.2779237137788291, 0.011396096984033117, 0.0003366006471897735]",1,76,0.2853762651183072,0.2779237137788291,0.011396096984033117,0.0003366006471897735,0.2853762651183072,1
/html/body/document/type/sequence/filename/description/text/center[23]/div/p[5]/u[1],Absence of Changes,sst,282,"[0.2853762651183072, 0.28931992903607334, 0.064816085156712, 0.0003366006471897735]",1,77,0.2853762651183072,0.28931992903607334,0.064816085156712,0.0003366006471897735,0.2853762651183072,1
/html/body/document/type/sequence/filename/description/text/center[23]/div/p[7],-15-,n,22,"[0.28705849952952517, 0.49332879952690717, 0.013139444115907747, 0.0003366006471897735]",1,78,0.28705849952952517,0.49332879952690717,0.013139444115907747,0.0003366006471897735,0.28705849952952517,1
/html/body/document/type/sequence/filename/description/text/center[24]/div/p[2],3.9,ssn,277,"[0.2954191816032864, 0.2779237137788291, 0.00985612063867534, 0.0003366006471897735]",1,79,0.2954191816032864,0.2779237137788291,0.00985612063867534,0.0003366006471897735,0.2954191816032864,1
/html/body/document/type/sequence/filename/description/text/center[24]/div/p[2]/u,Compliance with Applicable Law,sst,278,"[0.2954191816032864, 0.2897510348905973, 0.1056883500887049, 0.0003366006471897735]",1,80,0.2954191816032864,0.2897510348905973,0.1056883500887049,0.0003366006471897735,0.2954191816032864,1
/html/body/document/type/sequence/filename/description/text/center[24]/div/p[5],-16-,n,23,"[0.29852661051568635, 0.49332879952690717, 0.013139444115907747, 0.0003366006471897735]",1,81,0.29852661051568635,0.49332879952690717,0.013139444115907747,0.0003366006471897735,0.29852661051568635,1
/html/body/document/type/sequence/filename/description/text/center[25]/div/p[6],-17-,n,24,"[0.3096573566199252, 0.49332879952690717, 0.013139444115907747, 0.0003366006471897735]",1,82,0.3096573566199252,0.49332879952690717,0.013139444115907747,0.0003366006471897735,0.3096573566199252,1
/html/body/document/type/sequence/filename/description/text/center[26]/div/p[2],3.10,ssn,276,"[0.3144998049250683, 0.2779237137788291, 0.01576978119455943, 0.0003366006471897735]",1,83,0.3144998049250683,0.2779237137788291,0.01576978119455943,0.0003366006471897735,0.3144998049250683,1
/html/body/document/type/sequence/filename/description/text/center[26]/div/p[2]/u[1],State Takeover Laws,sst,275,"[0.3144998049250683, 0.29369308101714964, 0.06586339444115907, 0.0003366006471897735]",1,84,0.3144998049250683,0.29369308101714964,0.06586339444115907,0.0003366006471897735,0.3144998049250683,1
/html/body/document/type/sequence/filename/description/text/center[26]/div/p[3],3.11,ssn,273,"[0.31592270442705345, 0.2779237137788291, 0.015480248373743347, 0.0003366006471897735]",1,85,0.31592270442705345,0.2779237137788291,0.015480248373743347,0.0003366006471897735,0.31592270442705345,1
/html/body/document/type/sequence/filename/description/text/center[26]/div/p[3]/u,Employee Benefit Plans,sst,274,"[0.31592270442705345, 0.2934039030159669, 0.07620638675340036, 0.0003366006471897735]",1,86,0.31592270442705345,0.2934039030159669,0.07620638675340036,0.0003366006471897735,0.31592270442705345,1
/html/body/document/type/sequence/filename/description/text/center[26]/div/p[6],-18-,n,25,"[0.3214903724783696, 0.49332879952690717, 0.013139444115907747, 0.0003366006471897735]",1,87,0.3214903724783696,0.49332879952690717,0.013139444115907747,0.0003366006471897735,0.3214903724783696,1
/html/body/document/type/sequence/filename/description/text/center[27]/div/p[7],-19-,n,26,"[0.33263718357698574, 0.49332879952690717, 0.013139444115907747, 0.0003366006471897735]",1,88,0.33263718357698574,0.49332879952690717,0.013139444115907747,0.0003366006471897735,0.33263718357698574,1
/html/body/document/type/sequence/filename/description/text/center[28]/div/p[7],-20-,n,27,"[0.34448626442980745, 0.49332879952690717, 0.013139444115907747, 0.0003366006471897735]",1,89,0.34448626442980745,0.49332879952690717,0.013139444115907747,0.0003366006471897735,0.34448626442980745,1
/html/body/document/type/sequence/filename/description/text/center[29]/div/p[1],3.12,ssn,268,"[0.34544327909485234, 0.2779237137788291, 0.015338557066824365, 0.0003366006471897735]",1,90,0.34544327909485234,0.2779237137788291,0.015338557066824365,0.0003366006471897735,0.34544327909485234,1
/html/body/document/type/sequence/filename/description/text/center[29]/div/p[1]/u,Approvals,sst,266,"[0.34544327909485234, 0.29326197516262564, 0.03285162625665287, 0.0003366006471897735]",1,91,0.34544327909485234,0.29326197516262564,0.03285162625665287,0.0003366006471897735,0.34544327909485234,1
/html/body/document/type/sequence/filename/description/text/center[29]/div/p[2],3.13,ssn,269,"[0.34651504371973474, 0.2779237137788291, 0.01576978119455943, 0.0003366006471897735]",1,92,0.34651504371973474,0.2779237137788291,0.01576978119455943,0.0003366006471897735,0.34651504371973474,1
/html/body/document/type/sequence/filename/description/text/center[29]/div/p[2]/u,Opinion,sst,267,"[0.34651504371973474, 0.29369308101714964, 0.025847604967474867, 0.0003366006471897735]",1,93,0.34651504371973474,0.29369308101714964,0.025847604967474867,0.0003366006471897735,0.34651504371973474,1
/html/body/document/type/sequence/filename/description/text/center[29]/div/p[3],3.14,ssn,270,"[0.3479379432217199, 0.2779237137788291, 0.01576978119455943, 0.0003366006471897735]",1,94,0.3479379432217199,0.2779237137788291,0.01576978119455943,0.0003366006471897735,0.3479379432217199,1
/html/body/document/type/sequence/filename/description/text/center[29]/div/p[3]/u,Company Information,sst,265,"[0.3479379432217199, 0.29369308101714964, 0.07029863985807215, 0.0003366006471897735]",1,95,0.3479379432217199,0.29369308101714964,0.07029863985807215,0.0003366006471897735,0.3479379432217199,1
/html/body/document/type/sequence/filename/description/text/center[29]/div/p[4],3.15,ssn,271,"[0.3504165423542102, 0.2779237137788291, 0.01576978119455943, 0.0003366006471897735]",1,96,0.3504165423542102,0.2779237137788291,0.01576978119455943,0.0003366006471897735,0.3504165423542102,1
/html/body/document/type/sequence/filename/description/text/center[29]/div/p[4]/u[1],Legal Proceedings,sst,264,"[0.3504165423542102, 0.29369308101714964, 0.05845901833234773, 0.0003366006471897735]",1,97,0.3504165423542102,0.29369308101714964,0.05845901833234773,0.0003366006471897735,0.3504165423542102,1
/html/body/document/type/sequence/filename/description/text/center[29]/div/p[5],3.16,ssn,272,"[0.3532462763638033, 0.2779237137788291, 0.01576978119455943, 0.00033659835219057674]",1,98,0.3532462763638033,0.2779237137788291,0.01576978119455943,0.00033659835219057674,0.3532462763638033,1
/html/body/document/type/sequence/filename/description/text/center[29]/div/p[5]/u,Material Contracts,sst,263,"[0.3532462763638033, 0.29369308101714964, 0.05890254287403903, 0.00033659835219057674]",1,99,0.3532462763638033,0.29369308101714964,0.05890254287403903,0.00033659835219057674,0.3532462763638033,1
/html/body/document/type/sequence/filename/description/text/center[29]/div/p[9],-21-,n,28,"[0.3565350102127464, 0.49332879952690717, 0.013139444115907747, 0.0003366006471897735]",1,100,0.3565350102127464,0.49332879952690717,0.013139444115907747,0.0003366006471897735,0.3565350102127464,1
/html/body/document/type/sequence/filename/description/text/center[30]/div/p[12],-22-,n,29,"[0.3668097216165974, 0.49332879952690717, 0.013139444115907747, 0.0003366006471897735]",1,101,0.3668097216165974,0.49332879952690717,0.013139444115907747,0.0003366006471897735,0.3668097216165974,1
/html/body/document/type/sequence/filename/description/text/center[31]/div/p[12],-23-,n,30,"[0.37849126752805634, 0.49332879952690717, 0.013139444115907747, 0.0003366006471897735]",1,102,0.37849126752805634,0.49332879952690717,0.013139444115907747,0.0003366006471897735,0.37849126752805634,1
/html/body/document/type/sequence/filename/description/text/center[32]/div/p[2],3.17,ssn,261,"[0.38403828058660183, 0.2779237137788291, 0.01379852158486103, 0.0003366006471897735]",1,103,0.38403828058660183,0.2779237137788291,0.01379852158486103,0.0003366006471897735,0.38403828058660183,1
/html/body/document/type/sequence/filename/description/text/center[32]/div/p[2]/u,Environmental Matters,sst,262,"[0.38403828058660183, 0.29369308101714964, 0.07291661738616204, 0.0003366006471897735]",1,104,0.38403828058660183,0.29369308101714964,0.07291661738616204,0.0003366006471897735,0.38403828058660183,1
/html/body/document/type/sequence/filename/description/text/center[32]/div/p[4],-24-,n,31,"[0.38923874876643794, 0.49332879952690717, 0.013139444115907747, 0.0003366006471897735]",1,105,0.38923874876643794,0.49332879952690717,0.013139444115907747,0.0003366006471897735,0.38923874876643794,1
/html/body/document/type/sequence/filename/description/text/center[33]/div/p[2],3.18,ssn,260,"[0.3958414614554885, 0.2779237137788291, 0.01379852158486103, 0.00033659835219057674]",1,106,0.3958414614554885,0.2779237137788291,0.01379852158486103,0.00033659835219057674,0.3958414614554885,1
/html/body/document/type/sequence/filename/description/text/center[33]/div/p[2]/u,Taxes,sst,259,"[0.3958414614554885, 0.293551744529864, 0.018276936723832054, 0.00033659835219057674]",1,107,0.3958414614554885,0.293551744529864,0.018276936723832054,0.00033659835219057674,0.3958414614554885,1
/html/body/document/type/sequence/filename/description/text/center[33]/div/p[6],-25-,n,32,"[0.4003694948706768, 0.49332879952690717, 0.013139444115907747, 0.00033659835219057674]",1,108,0.4003694948706768,0.49332879952690717,0.013139444115907747,0.00033659835219057674,0.4003694948706768,1
/html/body/document/type/sequence/filename/description/text/center[34]/div/p[10],-26-,n,33,"[0.4133224703371354, 0.49332879952690717, 0.013139444115907747, 0.0003366006471897735]",1,109,0.4133224703371354,0.49332879952690717,0.013139444115907747,0.0003366006471897735,0.4133224703371354,1
/html/body/document/type/sequence/filename/description/text/center[35]/div/p[3],3.19,ssn,257,"[0.4202900878984692, 0.2779237137788291, 0.01379852158486103, 0.0003366006471897735]",1,110,0.4202900878984692,0.2779237137788291,0.01379852158486103,0.0003366006471897735,0.4202900878984692,1
/html/body/document/type/sequence/filename/description/text/center[35]/div/p[3]/u,Reorganization,ssn,256,"[0.4202900878984692, 0.29369308101714964, 0.04803004139562389, 0.0003366006471897735]",1,111,0.4202900878984692,0.29369308101714964,0.04803004139562389,0.0003366006471897735,0.4202900878984692,1
/html/body/document/type/sequence/filename/description/text/center[35]/div/p[4],3.20,ssn,258,"[0.4217129874004544, 0.2779237137788291, 0.01379852158486103, 0.0003366006471897735]",1,112,0.4217129874004544,0.2779237137788291,0.01379852158486103,0.0003366006471897735,0.4217129874004544,1
/html/body/document/type/sequence/filename/description/text/center[35]/div/p[4]/u,Intellectual Property,sst,255,"[0.4217129874004544, 0.29369308101714964, 0.0640768775872265, 0.0003366006471897735]",1,113,0.4217129874004544,0.29369308101714964,0.0640768775872265,0.0003366006471897735,0.4217129874004544,1
/html/body/document/type/sequence/filename/description/text/center[35]/div/p[7],-27-,n,34,"[0.42482041631285433, 0.49332879952690717, 0.013139444115907747, 0.0003366006471897735]",1,114,0.42482041631285433,0.49332879952690717,0.013139444115907747,0.0003366006471897735,0.42482041631285433,1
/html/body/document/type/sequence/filename/description/text/center[36]/div/p[7],-28-,n,35,"[0.4357813324765336, 0.49332879952690717, 0.013139444115907747, 0.00033659835219057674]",1,115,0.4357813324765336,0.49332879952690717,0.013139444115907747,0.00033659835219057674,0.4357813324765336,1
/html/body/document/type/sequence/filename/description/text/center[37]/div/p[5],3.21,ssn,254,"[0.4411745805888968, 0.2779237137788291, 0.01379852158486103, 0.0003366006471897735]",1,116,0.4411745805888968,0.2779237137788291,0.01379852158486103,0.0003366006471897735,0.4411745805888968,1
/html/body/document/type/sequence/filename/description/text/center[37]/div/p[5]/u[1],Properties,sst,253,"[0.4411745805888968, 0.29369308101714964, 0.03197072738024837, 0.0003366006471897735]",1,117,0.4411745805888968,0.29369308101714964,0.03197072738024837,0.0003366006471897735,0.4411745805888968,1
/html/body/document/type/sequence/filename/description/text/center[37]/div/p[7],-29-,n,36,"[0.4474330433984348, 0.49332879952690717, 0.013139444115907747, 0.0003366006471897735]",1,118,0.4474330433984348,0.49332879952690717,0.013139444115907747,0.0003366006471897735,0.4474330433984348,1
/html/body/document/type/sequence/filename/description/text/center[38]/div/p[9],-30-,n,37,"[0.45896082436371144, 0.49332879952690717, 0.013139444115907747, 0.0003366006471897735]",1,119,0.45896082436371144,0.49332879952690717,0.013139444115907747,0.0003366006471897735,0.45896082436371144,1
/html/body/document/type/sequence/filename/description/text/center[39]/div/p[8],-31-,n,38,"[0.4694191357033025, 0.49332879952690717, 0.013139444115907747, 0.0003366006471897735]",1,120,0.4694191357033025,0.49332879952690717,0.013139444115907747,0.0003366006471897735,0.4694191357033025,1
/html/body/document/type/sequence/filename/description/text/center[40]/div/p[1],3.22,ssn,252,"[0.4703761503683474, 0.2779237137788291, 0.01576978119455943, 0.0003366006471897735]",1,121,0.4703761503683474,0.2779237137788291,0.01576978119455943,0.0003366006471897735,0.4703761503683474,1
/html/body/document/type/sequence/filename/description/text/center[40]/div/p[1]/u,Insurance,sst,249,"[0.4703761503683474, 0.29369308101714964, 0.03064630396215257, 0.0003366006471897735]",1,122,0.4703761503683474,0.29369308101714964,0.03064630396215257,0.0003366006471897735,0.4703761503683474,1
/html/body/document/type/sequence/filename/description/text/center[40]/div/p[2],3.23,ssn,251,"[0.47285474950083767, 0.2779237137788291, 0.015338557066824365, 0.0003366006471897735]",1,123,0.47285474950083767,0.2779237137788291,0.015338557066824365,0.0003366006471897735,0.47285474950083767,1
/html/body/document/type/sequence/filename/description/text/center[40]/div/p[2]/u,Accounting and Internal Controls,sst,250,"[0.47285474950083767, 0.29326197516262564, 0.10576818450620935, 0.0003366006471897735]",1,124,0.47285474950083767,0.29326197516262564,0.10576818450620935,0.0003366006471897735,0.47285474950083767,1
/html/body/document/type/sequence/filename/description/text/center[40]/div/p[6],-32-,n,39,"[0.48195671631514925, 0.49332879952690717, 0.013139444115907747, 0.0003366006471897735]",1,125,0.48195671631514925,0.49332879952690717,0.013139444115907747,0.0003366006471897735,0.48195671631514925,1
/html/body/document/type/sequence/filename/description/text/center[41]/div/p[3],3.24,ssn,248,"[0.48822206412227753, 0.2779237137788291, 0.01576978119455943, 0.0003366006471897735]",1,126,0.48822206412227753,0.2779237137788291,0.01576978119455943,0.0003366006471897735,0.48822206412227753,1
/html/body/document/type/sequence/filename/description/text/center[41]/div/p[3]/u,Derivatives,sst,245,"[0.48822206412227753, 0.29369308101714964, 0.03634435245416913, 0.0003366006471897735]",1,127,0.48822206412227753,0.29369308101714964,0.03634435245416913,0.0003366006471897735,0.48822206412227753,1
/html/body/document/type/sequence/filename/description/text/center[41]/div/p[4],3.25,ssn,247,"[0.49034952837766504, 0.2779237137788291, 0.01576978119455943, 0.00033659835219057674]",1,128,0.49034952837766504,0.2779237137788291,0.01576978119455943,0.00033659835219057674,0.49034952837766504,1
/html/body/document/type/sequence/filename/description/text/center[41]/div/p[4]/u,Loan Matters,sst,246,"[0.49034952837766504, 0.29369308101714964, 0.04225801301005322, 0.00033659835219057674]",1,129,0.49034952837766504,0.29369308101714964,0.04225801301005322,0.00033659835219057674,0.49034952837766504,1
/html/body/document/type/sequence/filename/description/text/center[41]/div/p[7],-33-,n,40,"[0.49380809216716776, 0.49332879952690717, 0.013139444115907747, 0.0003366006471897735]",1,130,0.49380809216716776,0.49332879952690717,0.013139444115907747,0.0003366006471897735,0.49380809216716776,1
/html/body/document/type/sequence/filename/description/text/center[42]/div/p[7],-34-,n,41,"[0.5056571730199895, 0.49332879952690717, 0.013139444115907747, 0.0003366006471897735]",1,131,0.5056571730199895,0.49332879952690717,0.013139444115907747,0.0003366006471897735,0.5056571730199895,1
/html/body/document/type/sequence/filename/description/text/center[43]/div/p[6],-35-,n,42,"[0.516083354370826, 0.49332879952690717, 0.013139444115907747, 0.0003366006471897735]",1,132,0.516083354370826,0.49332879952690717,0.013139444115907747,0.0003366006471897735,0.516083354370826,1
/html/body/document/type/sequence/filename/description/text/center[44]/div/p[1],3.26,ssn,241,"[0.5170403690358708, 0.2779237137788291, 0.01576978119455943, 0.0003366006471897735]",1,133,0.5170403690358708,0.2779237137788291,0.01576978119455943,0.0003366006471897735,0.5170403690358708,1
/html/body/document/type/sequence/filename/description/text/center[44]/div/p[1]/u,Community Reinvestment Act Compliance,sst,240,"[0.5170403690358708, 0.29369308101714964, 0.13600177409816677, 0.0003366006471897735]",1,134,0.5170403690358708,0.29369308101714964,0.13600177409816677,0.0003366006471897735,0.5170403690358708,1
/html/body/document/type/sequence/filename/description/text/center[44]/div/p[2],3.27,ssn,242,"[0.5191678332912584, 0.2779237137788291, 0.01576978119455943, 0.0003366006471897735]",1,135,0.5191678332912584,0.2779237137788291,0.01576978119455943,0.0003366006471897735,0.5191678332912584,1
/html/body/document/type/sequence/filename/description/text/center[44]/div/p[2]/u,Investment Securities,sst,239,"[0.5191678332912584, 0.29369308101714964, 0.06809934949733885, 0.0003366006471897735]",1,136,0.5191678332912584,0.29369308101714964,0.06809934949733885,0.0003366006471897735,0.5191678332912584,1
/html/body/document/type/sequence/filename/description/text/center[44]/div/p[5],3.28,ssn,243,"[0.5234365317972138, 0.2779237137788291, 0.01576978119455943, 0.0003366006471897735]",1,137,0.5234365317972138,0.2779237137788291,0.01576978119455943,0.0003366006471897735,0.5234365317972138,1
/html/body/document/type/sequence/filename/description/text/center[44]/div/p[5]/u,Related Party Transactions,sst,238,"[0.5234365317972138, 0.29369308101714964, 0.0845405085748078, 0.0003366006471897735]",1,138,0.5234365317972138,0.29369308101714964,0.0845405085748078,0.0003366006471897735,0.5234365317972138,1
/html/body/document/type/sequence/filename/description/text/center[44]/div/p[6],3.29,ssn,244,"[0.5259151309297042, 0.2779237137788291, 0.01576978119455943, 0.0003366006471897735]",1,139,0.5259151309297042,0.2779237137788291,0.01576978119455943,0.0003366006471897735,0.5259151309297042,1
/html/body/document/type/sequence/filename/description/text/center[44]/div/p[6]/u,Labor,sst,237,"[0.5259151309297042, 0.29369308101714964, 0.018393968066233, 0.0003366006471897735]",1,140,0.5259151309297042,0.29369308101714964,0.018393968066233,0.0003366006471897735,0.5259151309297042,1
/html/body/document/type/sequence/filename/description/text/center[44]/div/p[8],-36-,n,43,"[0.5283019300943245, 0.49332879952690717, 0.013139444115907747, 0.0003366006471897735]",1,141,0.5283019300943245,0.49332879952690717,0.013139444115907747,0.0003366006471897735,0.5283019300943245,1
/html/body/document/type/sequence/filename/description/text/center[45]/div/p[2],3.30,ssn,235,"[0.5334955132765703, 0.2779237137788291, 0.01576978119455943, 0.00033659835219057674]",1,142,0.5334955132765703,0.2779237137788291,0.01576978119455943,0.00033659835219057674,0.5334955132765703,1
/html/body/document/type/sequence/filename/description/text/center[45]/div/p[2]/u,No Additional Representations,sst,236,"[0.5334955132765703, 0.29369308101714964, 0.09723654642223536, 0.00033659835219057674]",1,143,0.5334955132765703,0.29369308101714964,0.09723654642223536,0.00033659835219057674,0.5334955132765703,1
/html/body/document/type/sequence/filename/description/text/center[45]/div/p[6],-37-,n,44,"[0.5397838110756661, 0.49332879952690717, 0.013139444115907747, 0.0003366006471897735]",1,144,0.5397838110756661,0.49332879952690717,0.013139444115907747,0.0003366006471897735,0.5397838110756661,1
/html/body/document/type/sequence/filename/description/text/center[46]/div/p[2]/b,ARTICLE IV,sn,45,"[0.5425309251141762, 0.4767090479006505, 0.04638527498521585, 0.0003366006471897735]",1,145,0.5425309251141762,0.4767090479006505,0.04638527498521585,0.0003366006471897735,0.5425309251141762,1
/html/body/document/type/sequence/filename/description/text/center[46]/div/p[3]/b,REPRESENTATIONS AND WARRANTIES OF PARENT,st,46,"[0.542882059991279, 0.4015375517445299, 0.19672146658781786, 0.0003366006471897735]",1,146,0.542882059991279,0.4015375517445299,0.19672146658781786,0.0003366006471897735,0.542882059991279,1
/html/body/document/type/sequence/filename/description/text/center[46]/div/p[5],4.1,ssn,233,"[0.5471346935028573, 0.2779237137788291, 0.011827321111768185, 0.0003366006471897735]",1,147,0.5471346935028573,0.2779237137788291,0.011827321111768185,0.0003366006471897735,0.5471346935028573,1
/html/body/document/type/sequence/filename/description/text/center[46]/div/p[5]/u,Corporate Organization,sst,232,"[0.5471346935028573, 0.2897510348905973, 0.07451803666469545, 0.0003366006471897735]",1,148,0.5471346935028573,0.2897510348905973,0.07451803666469545,0.0003366006471897735,0.5471346935028573,1
/html/body/document/type/sequence/filename/description/text/center[46]/div/p[9],-38-,n,47,"[0.5516650219172423, 0.49332879952690717, 0.013139444115907747, 0.0003366006471897735]",1,149,0.5516650219172423,0.49332879952690717,0.013139444115907747,0.0003366006471897735,0.5516650219172423,1
/html/body/document/type/sequence/filename/description/text/center[47]/div/p[1],4.2,ssn,234,"[0.5526197415830905, 0.2779237137788291, 0.011827321111768185, 0.0003366006471897735]",1,150,0.5526197415830905,0.2779237137788291,0.011827321111768185,0.0003366006471897735,0.5526197415830905,1
/html/body/document/type/sequence/filename/description/text/center[47]/div/p[1]/u,Capitalization,sst,231,"[0.5526197415830905, 0.2897510348905973, 0.04422927261975163, 0.0003366006471897735]",1,151,0.5526197415830905,0.2897510348905973,0.04422927261975163,0.0003366006471897735,0.5526197415830905,1
/html/body/document/type/sequence/filename/description/text/center[47]/div/p[4],4.3,ssn,229,"[0.5618158033644688, 0.2779237137788291, 0.011396096984033117, 0.00033659835219057674]",1,152,0.5618158033644688,0.2779237137788291,0.011396096984033117,0.00033659835219057674,0.5618158033644688,1
/html/body/document/type/sequence/filename/description/text/center[47]/div/p[4]/u,Authority; No Violation,sst,230,"[0.5618158033644688, 0.28931992903607334, 0.07560260201064459, 0.00033659835219057674]",1,153,0.5618158033644688,0.28931992903607334,0.07560260201064459,0.00033659835219057674,0.5618158033644688,1
/html/body/document/type/sequence/filename/description/text/center[47]/div/p[7],-39-,n,48,"[0.5638652376471668, 0.49332879952690717, 0.013139444115907747, 0.00033659835219057674]",1,154,0.5638652376471668,0.49332879952690717,0.013139444115907747,0.00033659835219057674,0.5638652376471668,1
/html/body/document/type/sequence/filename/description/text/center[48]/div/p[3],4.4,ssn,228,"[0.5708351502076974, 0.2779237137788291, 0.011827321111768185, 0.0003366006471897735]",1,155,0.5708351502076974,0.2779237137788291,0.011827321111768185,0.0003366006471897735,0.5708351502076974,1
/html/body/document/type/sequence/filename/description/text/center[48]/div/p[3]/u,Consents and Approvals,sst,227,"[0.5708351502076974, 0.2897510348905973, 0.07665582495564754, 0.0003366006471897735]",1,156,0.5708351502076974,0.2897510348905973,0.07665582495564754,0.0003366006471897735,0.5708351502076974,1
/html/body/document/type/sequence/filename/description/text/center[48]/div/p[5],-40-,n,49,"[0.5756844835104308, 0.49332879952690717, 0.013139444115907747, 0.00033659835219057674]",1,157,0.5756844835104308,0.49332879952690717,0.013139444115907747,0.00033659835219057674,0.5756844835104308,1
/html/body/document/type/sequence/filename/description/text/center[49]/div/p[1],4.5,ssn,225,"[0.5766414981754756, 0.2779237137788291, 0.011827321111768185, 0.0003366006471897735]",1,158,0.5766414981754756,0.2779237137788291,0.011827321111768185,0.0003366006471897735,0.5766414981754756,1
/html/body/document/type/sequence/filename/description/text/center[49]/div/p[1]/u,Reports,sst,226,"[0.5766414981754756, 0.2897510348905973, 0.024529390892962744, 0.0003366006471897735]",1,159,0.5766414981754756,0.2897510348905973,0.024529390892962744,0.0003366006471897735,0.5766414981754756,1
/html/body/document/type/sequence/filename/description/text/center[49]/div/p[5],4.6,ssn,217,"[0.585149060197829, 0.2779237137788291, 0.011827321111768185, 0.0003366006471897735]",1,160,0.585149060197829,0.2779237137788291,0.011827321111768185,0.0003366006471897735,0.585149060197829,1
/html/body/document/type/sequence/filename/description/text/center[49]/div/p[5]/u,Financial Statements,sst,218,"[0.585149060197829, 0.2897510348905973, 0.06591247782377291, 0.0003366006471897735]",1,161,0.585149060197829,0.2897510348905973,0.06591247782377291,0.0003366006471897735,0.585149060197829,1
/html/body/document/type/sequence/filename/description/text/center[49]/div/p[7],-41-,n,50,"[0.5868312946090469, 0.49332879952690717, 0.013139444115907747, 0.0003366006471897735]",1,162,0.5868312946090469,0.49332879952690717,0.013139444115907747,0.0003366006471897735,0.5868312946090469,1
/html/body/document/type/sequence/filename/description/text/center[50]/div/p[2],4.7,ssn,224,"[0.5906180432836848, 0.2779237137788291, 0.011827321111768185, 0.0003366006471897735]",1,163,0.5906180432836848,0.2779237137788291,0.011827321111768185,0.0003366006471897735,0.5906180432836848,1
/html/body/document/type/sequence/filename/description/text/center[50]/div/p[2]/u[1],Broker,sst,219,"[0.5906180432836848, 0.2897510348905973, 0.043878119455943235, 0.0003366006471897735]",3,164,0.5906180432836848,0.2897510348905973,0.043878119455943235,0.0003366006471897735,0.5906180432836848,3
/html/body/document/type/sequence/filename/description/text/center[50]/div/p[2]/u[2],’,sst,219,"[0.5906180432836848, 0.2897510348905973, 0.043878119455943235, 0.0003366006471897735]",3,165,0.5906180432836848,0.2897510348905973,0.043878119455943235,0.0003366006471897735,0.5906180432836848,3
/html/body/document/type/sequence/filename/description/text/center[50]/div/p[2]/u[3],s Fees,sst,219,"[0.5906180432836848, 0.2897510348905973, 0.043878119455943235, 0.0003366006471897735]",3,166,0.5906180432836848,0.2897510348905973,0.043878119455943235,0.0003366006471897735,0.5906180432836848,3
/html/body/document/type/sequence/filename/description/text/center[50]/div/p[3],4.8,ssn,223,"[0.59204094278567, 0.2779237137788291, 0.011396096984033117, 0.0003366006471897735]",1,167,0.59204094278567,0.2779237137788291,0.011396096984033117,0.0003366006471897735,0.59204094278567,1
/html/body/document/type/sequence/filename/description/text/center[50]/div/p[3]/u,Absence of Changes,sst,220,"[0.59204094278567, 0.28931992903607334, 0.064816085156712, 0.0003366006471897735]",1,168,0.59204094278567,0.28931992903607334,0.064816085156712,0.0003366006471897735,0.59204094278567,1
/html/body/document/type/sequence/filename/description/text/center[50]/div/p[4],4.9,ssn,222,"[0.5931127074105524, 0.2779237137788291, 0.011827321111768185, 0.0003366006471897735]",1,169,0.5931127074105524,0.2779237137788291,0.011827321111768185,0.0003366006471897735,0.5931127074105524,1
/html/body/document/type/sequence/filename/description/text/center[50]/div/p[4]/u,Compliance with Applicable Law,sst,221,"[0.5931127074105524, 0.2897510348905973, 0.1056883500887049, 0.0003366006471897735]",1,170,0.5931127074105524,0.2897510348905973,0.1056883500887049,0.0003366006471897735,0.5931127074105524,1
/html/body/document/type/sequence/filename/description/text/center[50]/div/p[7],-42-,n,51,"[0.5990338053381682, 0.49332879952690717, 0.013139444115907747, 0.0003366006471897735]",1,171,0.5990338053381682,0.49332879952690717,0.013139444115907747,0.0003366006471897735,0.5990338053381682,1
/html/body/document/type/sequence/filename/description/text/center[51]/div/p[2],4.10,ssn,209,"[0.601764854382301, 0.2779237137788291, 0.015338557066824365, 0.0003366006471897735]",1,172,0.601764854382301,0.2779237137788291,0.015338557066824365,0.0003366006471897735,0.601764854382301,1
/html/body/document/type/sequence/filename/description/text/center[51]/div/p[2]/u,Approvals,sst,210,"[0.601764854382301, 0.29326197516262564, 0.03285162625665287, 0.0003366006471897735]",1,173,0.601764854382301,0.29326197516262564,0.03285162625665287,0.0003366006471897735,0.601764854382301,1
/html/body/document/type/sequence/filename/description/text/center[51]/div/p[3],4.11,ssn,216,"[0.6028343240079865, 0.2779237137788291, 0.015480248373743347, 0.0003366006471897735]",1,174,0.6028343240079865,0.2779237137788291,0.015480248373743347,0.0003366006471897735,0.6028343240079865,1
/html/body/document/type/sequence/filename/description/text/center[51]/div/p[3]/u,Parent Information,sst,211,"[0.6028343240079865, 0.2934039030159669, 0.059777054997043166, 0.0003366006471897735]",1,175,0.6028343240079865,0.2934039030159669,0.059777054997043166,0.0003366006471897735,0.6028343240079865,1
/html/body/document/type/sequence/filename/description/text/center[51]/div/p[4],4.12,ssn,215,"[0.6056663530167765, 0.2779237137788291, 0.01576978119455943, 0.0003366006471897735]",1,176,0.6056663530167765,0.2779237137788291,0.01576978119455943,0.0003366006471897735,0.6056663530167765,1
/html/body/document/type/sequence/filename/description/text/center[51]/div/p[4]/u,Legal Proceedings,sst,212,"[0.6056663530167765, 0.29369308101714964, 0.05845901833234773, 0.0003366006471897735]",1,177,0.6056663530167765,0.29369308101714964,0.05845901833234773,0.0003366006471897735,0.6056663530167765,1
/html/body/document/type/sequence/filename/description/text/center[51]/div/p[5],4.13,ssn,214,"[0.6077915222729672, 0.2779237137788291, 0.015338557066824365, 0.0003366006471897735]",1,178,0.6077915222729672,0.2779237137788291,0.015338557066824365,0.0003366006471897735,0.6077915222729672,1
/html/body/document/type/sequence/filename/description/text/center[51]/div/p[5]/u,Accounting and Internal Controls,sst,213,"[0.6077915222729672, 0.29326197516262564, 0.10576818450620935, 0.0003366006471897735]",1,179,0.6077915222729672,0.29326197516262564,0.10576818450620935,0.0003366006471897735,0.6077915222729672,1
/html/body/document/type/sequence/filename/description/text/center[51]/div/p[8],-43-,n,52,"[0.6101943864319648, 0.49332879952690717, 0.013139444115907747, 0.0003366006471897735]",1,180,0.6101943864319648,0.49332879952690717,0.013139444115907747,0.0003366006471897735,0.6101943864319648,1
/html/body/document/type/sequence/filename/description/text/center[52]/div/p[4],4.14,ssn,208,"[0.6210497326325936, 0.2779237137788291, 0.01576978119455943, 0.0003366006471897735]",1,181,0.6210497326325936,0.2779237137788291,0.01576978119455943,0.0003366006471897735,0.6210497326325936,1
/html/body/document/type/sequence/filename/description/text/center[52]/div/p[4]/u,Related Party Transactions,sst,204,"[0.6210497326325936, 0.29369308101714964, 0.0845405085748078, 0.0003366006471897735]",1,182,0.6210497326325936,0.29369308101714964,0.0845405085748078,0.0003366006471897735,0.6210497326325936,1
/html/body/document/type/sequence/filename/description/text/center[52]/div/p[6],-44-,n,53,"[0.6223808321667087, 0.49332879952690717, 0.013139444115907747, 0.0003366006471897735]",1,183,0.6223808321667087,0.49332879952690717,0.013139444115907747,0.0003366006471897735,0.6223808321667087,1
/html/body/document/type/sequence/filename/description/text/center[53]/div/p[2],4.15,ssn,207,"[0.6247607463337388, 0.2779237137788291, 0.01576978119455943, 0.0003366006471897735]",1,184,0.6247607463337388,0.2779237137788291,0.01576978119455943,0.0003366006471897735,0.6247607463337388,1
/html/body/document/type/sequence/filename/description/text/center[53]/div/p[2]/u,Reorganization,sst,203,"[0.6247607463337388, 0.29369308101714964, 0.04803004139562389, 0.0003366006471897735]",1,185,0.6247607463337388,0.29369308101714964,0.04803004139562389,0.0003366006471897735,0.6247607463337388,1
/html/body/document/type/sequence/filename/description/text/center[53]/div/p[3],4.16,ssn,206,"[0.626183645835724, 0.2779237137788291, 0.01576978119455943, 0.0003366006471897735]",1,186,0.626183645835724,0.2779237137788291,0.01576978119455943,0.0003366006471897735,0.626183645835724,1
/html/body/document/type/sequence/filename/description/text/center[53]/div/p[3]/u,No Additional Representations,sst,205,"[0.626183645835724, 0.29369308101714964, 0.09723654642223536, 0.0003366006471897735]",1,187,0.626183645835724,0.29369308101714964,0.09723654642223536,0.0003366006471897735,0.626183645835724,1
/html/body/document/type/sequence/filename/description/text/center[53]/div/p[7],-45-,n,54,"[0.6335276432653248, 0.49332879952690717, 0.013139444115907747, 0.0003366006471897735]",1,188,0.6335276432653248,0.49332879952690717,0.013139444115907747,0.0003366006471897735,0.6335276432653248,1
/html/body/document/type/sequence/filename/description/text/center[54]/div/p[1]/b,ARTICLE V,sn,55,"[0.634482362931173, 0.4783104671791839, 0.043175872264932, 0.00033659835219057674]",1,189,0.634482362931173,0.4783104671791839,0.043175872264932,0.00033659835219057674,0.634482362931173,1
/html/body/document/type/sequence/filename/description/text/center[54]/div/p[2]/b,COVENANTS RELATING TO CONDUCT OF BUSINESS,st,56,"[0.6348357928074725, 0.39967120047309285, 0.20046067415730337, 0.0003366006471897735]",1,190,0.6348357928074725,0.39967120047309285,0.20046067415730337,0.0003366006471897735,0.6348357928074725,1
/html/body/document/type/sequence/filename/description/text/center[54]/div/p[3],5.1,ssn,199,"[0.6355541275560553, 0.2779237137788291, 0.00985612063867534, 0.0003366006471897735]",1,191,0.6355541275560553,0.2779237137788291,0.00985612063867534,0.0003366006471897735,0.6355541275560553,1
/html/body/document/type/sequence/filename/description/text/center[54]/div/p[3]/u,Conduct of Businesses Prior to the Effective Time,sst,202,"[0.6355541275560553, 0.2897510348905973, 0.15820283855706682, 0.0003366006471897735]",1,192,0.6355541275560553,0.2897510348905973,0.15820283855706682,0.0003366006471897735,0.6355541275560553,1
/html/body/document/type/sequence/filename/description/text/center[54]/div/p[4],5.2,ssn,200,"[0.6394395611961535, 0.2779237137788291, 0.00985612063867534, 0.0003366006471897735]",1,193,0.6394395611961535,0.2779237137788291,0.00985612063867534,0.0003366006471897735,0.6394395611961535,1
/html/body/document/type/sequence/filename/description/text/center[54]/div/p[4]/u[1],Company Forbearances,sst,201,"[0.6394395611961535, 0.2897510348905973, 0.07466587817859255, 0.0003366006471897735]",1,194,0.6394395611961535,0.2897510348905973,0.07466587817859255,0.0003366006471897735,0.6394395611961535,1
/html/body/document/type/sequence/filename/description/text/center[54]/div/p[8],-46-,n,57,"[0.6460812888715489, 0.49332879952690717, 0.013139444115907747, 0.0003366006471897735]",1,195,0.6460812888715489,0.49332879952690717,0.013139444115907747,0.0003366006471897735,0.6460812888715489,1
/html/body/document/type/sequence/filename/description/text/center[55]/div/p[7],-47-,n,58,"[0.6572258049709683, 0.49332879952690717, 0.013139444115907747, 0.0003366006471897735]",1,196,0.6572258049709683,0.49332879952690717,0.013139444115907747,0.0003366006471897735,0.6572258049709683,1
/html/body/document/type/sequence/filename/description/text/center[56]/div/p[7],-48-,n,59,"[0.6687237509466871, 0.49332879952690717, 0.013139444115907747, 0.0003366006471897735]",1,197,0.6687237509466871,0.49332879952690717,0.013139444115907747,0.0003366006471897735,0.6687237509466871,1
/html/body/document/type/sequence/filename/description/text/center[57]/div/p[10],-49-,n,60,"[0.6820278612902485, 0.49332879952690717, 0.013139444115907747, 0.0003366006471897735]",1,198,0.6820278612902485,0.49332879952690717,0.013139444115907747,0.0003366006471897735,0.6820278612902485,1
/html/body/document/type/sequence/filename/description/text/center[58]/div/p[4],5.3,ssn,197,"[0.6876047093383517, 0.2779237137788291, 0.00985612063867534, 0.00033659835219057674]",1,199,0.6876047093383517,0.2779237137788291,0.00985612063867534,0.00033659835219057674,0.6876047093383517,1
/html/body/document/type/sequence/filename/description/text/center[58]/div/p[4]/u[1],Parent Forbearances,sst,198,"[0.6876047093383517, 0.2897510348905973, 0.06415079834417504, 0.00033659835219057674]",1,200,0.6876047093383517,0.2897510348905973,0.06415079834417504,0.00033659835219057674,0.6876047093383517,1
/html/body/document/type/sequence/filename/description/text/center[58]/div/p[5]/b,ARTICLE VI,sn,61,"[0.6904505083423221, 0.4767764636309876, 0.04624358367829687, 0.0003366006471897735]",1,201,0.6904505083423221,0.4767764636309876,0.04624358367829687,0.0003366006471897735,0.6904505083423221,1
/html/body/document/type/sequence/filename/description/text/center[58]/div/p[6]/b,ADDITIONAL AGREEMENTS,st,62,"[0.6908016432194248, 0.4456806623299822, 0.10844175044352454, 0.00033659835219057674]",1,202,0.6908016432194248,0.4456806623299822,0.10844175044352454,0.00033659835219057674,0.6908016432194248,1
/html/body/document/type/sequence/filename/description/text/center[58]/div/p[7],6.1,ssn,196,"[0.6915222729672045, 0.2779237137788291, 0.011827321111768185, 0.0003366006471897735]",1,203,0.6915222729672045,0.2779237137788291,0.011827321111768185,0.0003366006471897735,0.6915222729672045,1
/html/body/document/type/sequence/filename/description/text/center[58]/div/p[7]/u,Regulatory Matters,sst,195,"[0.6915222729672045, 0.2897510348905973, 0.06109520993494973, 0.0003366006471897735]",1,204,0.6915222729672045,0.2897510348905973,0.06109520993494973,0.0003366006471897735,0.6915222729672045,1
/html/body/document/type/sequence/filename/description/text/center[58]/div/p[10],-50-,n,63,"[0.6942762720033048, 0.49332879952690717, 0.013139444115907747, 0.0003366006471897735]",1,205,0.6942762720033048,0.49332879952690717,0.013139444115907747,0.0003366006471897735,0.6942762720033048,1
/html/body/document/type/sequence/filename/description/text/center[59]/div/p[5],-51-,n,64,"[0.7057420879902692, 0.49332879952690717, 0.013139444115907747, 0.00033659835219057674]",1,206,0.7057420879902692,0.49332879952690717,0.013139444115907747,0.00033659835219057674,0.7057420879902692,1
/html/body/document/type/sequence/filename/description/text/center[60]/div/p[4],6.2,ssn,193,"[0.7148394648061873, 0.2779237137788291, 0.011827321111768185, 0.0003366006471897735]",1,207,0.7148394648061873,0.2779237137788291,0.011827321111768185,0.0003366006471897735,0.7148394648061873,1
/html/body/document/type/sequence/filename/description/text/center[60]/div/p[4]/u[1],Reasonable Best Efforts,sst,192,"[0.7148394648061873, 0.2897510348905973, 0.07605854523950326, 0.0003366006471897735]",1,208,0.7148394648061873,0.2897510348905973,0.07605854523950326,0.0003366006471897735,0.7148394648061873,1
/html/body/document/type/sequence/filename/description/text/center[60]/div/p[5],6.3,ssn,194,"[0.7166134991852753, 0.2779237137788291, 0.011396096984033117, 0.00033659835219057674]",1,209,0.7166134991852753,0.2779237137788291,0.011396096984033117,0.00033659835219057674,0.7166134991852753,1
/html/body/document/type/sequence/filename/description/text/center[60]/div/p[5]/u,Access to Information,sst,191,"[0.7166134991852753, 0.28931992903607334, 0.0700709639266706, 0.00033659835219057674]",1,210,0.7166134991852753,0.28931992903607334,0.0700709639266706,0.00033659835219057674,0.7166134991852753,1
/html/body/document/type/sequence/filename/description/text/center[60]/div/p[8],-52-,n,65,"[0.7183117985908705, 0.49332879952690717, 0.013139444115907747, 0.0003366006471897735]",1,211,0.7183117985908705,0.49332879952690717,0.013139444115907747,0.0003366006471897735,0.7183117985908705,1
/html/body/document/type/sequence/filename/description/text/center[61]/div/p[4],6.4,ssn,189,"[0.7277603102838914, 0.2779237137788291, 0.011827321111768185, 0.0003366006471897735]",1,212,0.7277603102838914,0.2779237137788291,0.011827321111768185,0.0003366006471897735,0.7277603102838914,1
/html/body/document/type/sequence/filename/description/text/center[61]/div/p[4]/u[1],Shareholder Approval,sst,190,"[0.7277603102838914, 0.2897510348905973, 0.06941750443524541, 0.0003366006471897735]",1,213,0.7277603102838914,0.2897510348905973,0.06941750443524541,0.0003366006471897735,0.7277603102838914,1
/html/body/document/type/sequence/filename/description/text/center[61]/div/p[6],-53-,n,66,"[0.7301471094485117, 0.49332879952690717, 0.013139444115907747, 0.0003366006471897735]",1,214,0.7301471094485117,0.49332879952690717,0.013139444115907747,0.0003366006471897735,0.7301471094485117,1
/html/body/document/type/sequence/filename/description/text/center[62]/div/p[2],6.5,ssn,188,"[0.7378032267688707, 0.2779237137788291, 0.011827321111768185, 0.0003366006471897735]",1,215,0.7378032267688707,0.2779237137788291,0.011827321111768185,0.0003366006471897735,0.7378032267688707,1
/html/body/document/type/sequence/filename/description/text/center[62]/div/p[2]/u,Nasdaq Listing,sst,185,"[0.7378032267688707, 0.2897510348905973, 0.047962270845653465, 0.0003366006471897735]",1,216,0.7378032267688707,0.2897510348905973,0.047962270845653465,0.0003366006471897735,0.7378032267688707,1
/html/body/document/type/sequence/filename/description/text/center[62]/div/p[3],6.6,ssn,187,"[0.738874991393753, 0.2779237137788291, 0.011827321111768185, 0.0003366006471897735]",1,217,0.738874991393753,0.2779237137788291,0.011827321111768185,0.0003366006471897735,0.738874991393753,1
/html/body/document/type/sequence/filename/description/text/center[62]/div/p[3]/u,Employee Matters,sst,186,"[0.738874991393753, 0.2897510348905973, 0.058027794204612654, 0.0003366006471897735]",1,218,0.738874991393753,0.2897510348905973,0.058027794204612654,0.0003366006471897735,0.738874991393753,1
/html/body/document/type/sequence/filename/description/text/center[62]/div/p[6],-54-,n,67,"[0.7419801253069561, 0.49332879952690717, 0.013139444115907747, 0.00033659835219057674]",1,219,0.7419801253069561,0.49332879952690717,0.013139444115907747,0.00033659835219057674,0.7419801253069561,1
/html/body/document/type/sequence/filename/description/text/center[63]/div/p[7],-55-,n,68,"[0.7534780712826751, 0.49332879952690717, 0.013139444115907747, 0.00033659835219057674]",1,220,0.7534780712826751,0.49332879952690717,0.013139444115907747,0.00033659835219057674,0.7534780712826751,1
/html/body/document/type/sequence/filename/description/text/center[64]/div/p[3],6.7,ssn,184,"[0.7572808849516902, 0.2779237137788291, 0.011827321111768185, 0.00033659835219057674]",1,221,0.7572808849516902,0.2779237137788291,0.011827321111768185,0.00033659835219057674,0.7572808849516902,1
/html/body/document/type/sequence/filename/description/text/center[64]/div/p[3]/u[1],Indemnification; Directors,sst,183,"[0.7572808849516902, 0.2897510348905973, 0.1615907746895328, 0.00033659835219057674]",5,222,0.7572808849516902,0.2897510348905973,0.1615907746895328,0.00033659835219057674,0.7572808849516902,5
/html/body/document/type/sequence/filename/description/text/center[64]/div/p[3]/u[2],’,sst,183,"[0.7572808849516902, 0.2897510348905973, 0.1615907746895328, 0.00033659835219057674]",5,223,0.7572808849516902,0.2897510348905973,0.1615907746895328,0.00033659835219057674,0.7572808849516902,5
/html/body/document/type/sequence/filename/description/text/center[64]/div/p[3]/u[3],and Officers,sst,183,"[0.7572808849516902, 0.2897510348905973, 0.1615907746895328, 0.00033659835219057674]",5,224,0.7572808849516902,0.2897510348905973,0.1615907746895328,0.00033659835219057674,0.7572808849516902,5
/html/body/document/type/sequence/filename/description/text/center[64]/div/p[3]/u[4],’,sst,183,"[0.7572808849516902, 0.2897510348905973, 0.1615907746895328, 0.00033659835219057674]",5,225,0.7572808849516902,0.2897510348905973,0.1615907746895328,0.00033659835219057674,0.7572808849516902,5
/html/body/document/type/sequence/filename/description/text/center[64]/div/p[3]/u[5],Insurance,sst,183,"[0.7572808849516902, 0.2897510348905973, 0.1615907746895328, 0.00033659835219057674]",5,226,0.7572808849516902,0.2897510348905973,0.1615907746895328,0.00033659835219057674,0.7572808849516902,5
/html/body/document/type/sequence/filename/description/text/center[64]/div/p[7],-56-,n,69,"[0.7653294471346934, 0.49332879952690717, 0.013139444115907747, 0.0003366006471897735]",1,227,0.7653294471346934,0.49332879952690717,0.013139444115907747,0.0003366006471897735,0.7653294471346934,1
/html/body/document/type/sequence/filename/description/text/center[65]/div/p[4],6.8,ssn,179,"[0.7737199641980126, 0.2779237137788291, 0.011827321111768185, 0.0003366006471897735]",1,228,0.7737199641980126,0.2779237137788291,0.011827321111768185,0.0003366006471897735,0.7737199641980126,1
/html/body/document/type/sequence/filename/description/text/center[65]/div/p[4]/u,Exemption from Liability Under Rule,sst,181,"[0.7737199641980126, 0.2897510348905973, 0.14518628030751035, 0.0003366006471897735]",2,229,0.7737199641980126,0.2897510348905973,0.14518628030751035,0.0003366006471897735,0.7737199641980126,2
/html/body/document/type/sequence/filename/description/text/center[65]/div/p[4]/u/font,16(b)-3,sst,181,"[0.7737199641980126, 0.2897510348905973, 0.14518628030751035, 0.0003366006471897735]",2,230,0.7737199641980126,0.2897510348905973,0.14518628030751035,0.0003366006471897735,0.7737199641980126,2
/html/body/document/type/sequence/filename/description/text/center[65]/div/p[5],6.9,ssn,180,"[0.7754962935762972, 0.2779237137788291, 0.011827321111768185, 0.0003366006471897735]",1,231,0.7754962935762972,0.2779237137788291,0.011827321111768185,0.0003366006471897735,0.7754962935762972,1
/html/body/document/type/sequence/filename/description/text/center[65]/div/p[5]/u[1],No Solicitation,sst,182,"[0.7754962935762972, 0.2897510348905973, 0.1957853341218214, 0.0003366006471897735]",2,232,0.7754962935762972,0.2897510348905973,0.1957853341218214,0.0003366006471897735,0.7754962935762972,2
/html/body/document/type/sequence/filename/description/text/center[65]/div/p[5]/u[2],; Change in Company Board Recommendation,sst,182,"[0.7754962935762972, 0.2897510348905973, 0.1957853341218214, 0.0003366006471897735]",2,233,0.7754962935762972,0.2897510348905973,0.1957853341218214,0.0003366006471897735,0.7754962935762972,2
/html/body/document/type/sequence/filename/description/text/center[65]/div/p[8],-57-,n,70,"[0.7782502926123975, 0.49332879952690717, 0.013139444115907747, 0.0003366006471897735]",1,234,0.7782502926123975,0.49332879952690717,0.013139444115907747,0.0003366006471897735,0.7782502926123975,1
/html/body/document/type/sequence/filename/description/text/center[66]/div/p[3],-58-,n,71,"[0.7872237394716911, 0.49332879952690717, 0.013139444115907747, 0.0003366006471897735]",1,235,0.7872237394716911,0.49332879952690717,0.013139444115907747,0.0003366006471897735,0.7872237394716911,1
/html/body/document/type/sequence/filename/description/text/center[67]/div/p[8],-59-,n,72,"[0.7978174557638905, 0.49332879952690717, 0.013139444115907747, 0.00033659835219057674]",1,236,0.7978174557638905,0.49332879952690717,0.013139444115907747,0.00033659835219057674,0.7978174557638905,1
/html/body/document/type/sequence/filename/description/text/center[68]/div/p[2],6.10,ssn,174,"[0.8047713033300439, 0.2779237137788291, 0.01562808988764045, 0.0003366006471897735]",1,237,0.8047713033300439,0.2779237137788291,0.01562808988764045,0.0003366006471897735,0.8047713033300439,1
/html/body/document/type/sequence/filename/description/text/center[68]/div/p[2]/u,Takeover Laws,sst,173,"[0.8047713033300439, 0.293551744529864, 0.048270254287403905, 0.0003366006471897735]",1,238,0.8047713033300439,0.293551744529864,0.048270254287403905,0.0003366006471897735,0.8047713033300439,1
/html/body/document/type/sequence/filename/description/text/center[68]/div/p[3],6.11,ssn,175,"[0.8076033323388336, 0.2779237137788291, 0.015480248373743347, 0.0003366006471897735]",1,239,0.8076033323388336,0.2779237137788291,0.015480248373743347,0.0003366006471897735,0.8076033323388336,1
/html/body/document/type/sequence/filename/description/text/center[68]/div/p[3]/u,Financial Statements and Other Current Information,sst,172,"[0.8076033323388336, 0.2934039030159669, 0.16488645771732702, 0.0003366006471897735]",1,240,0.8076033323388336,0.2934039030159669,0.16488645771732702,0.0003366006471897735,0.8076033323388336,1
/html/body/document/type/sequence/filename/description/text/center[68]/div/p[5],-60-,n,73,"[0.8089344318729488, 0.49332879952690717, 0.013139444115907747, 0.0003366006471897735]",1,241,0.8089344318729488,0.49332879952690717,0.013139444115907747,0.0003366006471897735,0.8089344318729488,1
/html/body/document/type/sequence/filename/description/text/center[69]/div/p[2],6.12,ssn,176,"[0.8113120510407822, 0.2779237137788291, 0.01576978119455943, 0.0003366006471897735]",1,242,0.8113120510407822,0.2779237137788291,0.01576978119455943,0.0003366006471897735,0.8113120510407822,1
/html/body/document/type/sequence/filename/description/text/center[69]/div/p[2]/u[1],Notification of Certain Matters,sst,171,"[0.8113120510407822, 0.29369308101714964, 0.0978769958604376, 0.0003366006471897735]",1,243,0.8113120510407822,0.29369308101714964,0.0978769958604376,0.0003366006471897735,0.8113120510407822,1
/html/body/document/type/sequence/filename/description/text/center[69]/div/p[3],6.13,ssn,177,"[0.8130883804190668, 0.2779237137788291, 0.01576978119455943, 0.0003366006471897735]",1,244,0.8130883804190668,0.2779237137788291,0.01576978119455943,0.0003366006471897735,0.8130883804190668,1
/html/body/document/type/sequence/filename/description/text/center[69]/div/p[3]/u,Pass It On Project,sst,170,"[0.8130883804190668, 0.29369308101714964, 0.056728030751034886, 0.0003366006471897735]",1,245,0.8130883804190668,0.29369308101714964,0.056728030751034886,0.0003366006471897735,0.8130883804190668,1
/html/body/document/type/sequence/filename/description/text/center[69]/div/p[4],6.14,ssn,178,"[0.8141578500447525, 0.2779237137788291, 0.01576978119455943, 0.0003366006471897735]",1,246,0.8141578500447525,0.2779237137788291,0.01576978119455943,0.0003366006471897735,0.8141578500447525,1
/html/body/document/type/sequence/filename/description/text/center[69]/div/p[4]/u[1],"Company Trust Preferred Securities, FHLB Borrowings",sst,169,"[0.8141578500447525, 0.29369308101714964, 0.2717817859254879, 0.0003366006471897735]",2,247,0.8141578500447525,0.29369308101714964,0.2717817859254879,0.0003366006471897735,0.8141578500447525,2
/html/body/document/type/sequence/filename/description/text/center[69]/div/p[4]/u[2],and Subordinated Debentures,sst,169,"[0.8141578500447525, 0.29369308101714964, 0.2717817859254879, 0.0003366006471897735]",2,248,0.8141578500447525,0.29369308101714964,0.2717817859254879,0.0003366006471897735,0.8141578500447525,2
/html/body/document/type/sequence/filename/description/text/center[69]/div/p[5],6.15,ssn,167,"[0.8183967135611503, 0.2779237137788291, 0.01562808988764045, 0.0003366006471897735]",1,249,0.8183967135611503,0.2779237137788291,0.01562808988764045,0.0003366006471897735,0.8183967135611503,1
/html/body/document/type/sequence/filename/description/text/center[69]/div/p[5]/u,Third-Party Agreements,sst,168,"[0.8183967135611503, 0.293551744529864, 0.07642164399763454, 0.0003366006471897735]",1,250,0.8183967135611503,0.293551744529864,0.07642164399763454,0.0003366006471897735,0.8183967135611503,1
/html/body/document/type/sequence/filename/description/text/center[69]/div/p[8],-61-,n,74,"[0.8215018474743534, 0.49332879952690717, 0.013139444115907747, 0.00033659835219057674]",1,251,0.8215018474743534,0.49332879952690717,0.013139444115907747,0.00033659835219057674,0.8215018474743534,1
/html/body/document/type/sequence/filename/description/text/center[70]/div/p[9],6.16,ssn,165,"[0.8318981938356322, 0.2779237137788291, 0.01562808988764045, 0.0003366006471897735]",1,252,0.8318981938356322,0.2779237137788291,0.01562808988764045,0.0003366006471897735,0.8318981938356322,1
/html/body/document/type/sequence/filename/description/text/center[70]/div/p[9]/u,Transaction Expenses,sst,166,"[0.8318981938356322, 0.293551744529864, 0.06869722057953874, 0.0003366006471897735]",1,253,0.8318981938356322,0.293551744529864,0.06869722057953874,0.0003366006471897735,0.8318981938356322,1
/html/body/document/type/sequence/filename/description/text/center[70]/div/p[12],-62-,n,75,"[0.8339499231175268, 0.49332879952690717, 0.013139444115907747, 0.0003366006471897735]",1,254,0.8339499231175268,0.49332879952690717,0.013139444115907747,0.0003366006471897735,0.8339499231175268,1
/html/body/document/type/sequence/filename/description/text/center[71]/div/p[6],-63-,n,76,"[0.8450806692217657, 0.49332879952690717, 0.013139444115907747, 0.0003366006471897735]",1,255,0.8450806692217657,0.49332879952690717,0.013139444115907747,0.0003366006471897735,0.8450806692217657,1
/html/body/document/type/sequence/filename/description/text/center[72]/div/p[1],6.17,ssn,164,"[0.846035388887614, 0.2779237137788291, 0.01576978119455943, 0.0003366006471897735]",1,256,0.846035388887614,0.2779237137788291,0.01576978119455943,0.0003366006471897735,0.846035388887614,1
/html/body/document/type/sequence/filename/description/text/center[72]/div/p[1]/u,Certain Tax Matters,sst,163,"[0.846035388887614, 0.29369308101714964, 0.06280189237137788, 0.0003366006471897735]",1,257,0.846035388887614,0.29369308101714964,0.06280189237137788,0.0003366006471897735,0.846035388887614,1
/html/body/document/type/sequence/filename/description/text/center[72]/div/p[5]/b,ARTICLE VII,sn,77,"[0.8535033162738392, 0.47524246008279125, 0.04931129509166174, 0.0003366006471897735]",1,258,0.8535033162738392,0.47524246008279125,0.04931129509166174,0.0003366006471897735,0.8535033162738392,1
/html/body/document/type/sequence/filename/description/text/center[72]/div/p[6]/b,CONDITIONS PRECEDENT,st,78,"[0.853854451150942, 0.4491856889414548, 0.10142519219396806, 0.0003366006471897735]",1,259,0.853854451150942,0.4491856889414548,0.10142519219396806,0.0003366006471897735,0.853854451150942,1
/html/body/document/type/sequence/filename/description/text/center[72]/div/p[7],7.1,ssn,130,"[0.854572785899525, 0.2779237137788291, 0.00985612063867534, 0.0003366006471897735]",1,260,0.854572785899525,0.2779237137788291,0.00985612063867534,0.0003366006471897735,0.854572785899525,1
/html/body/document/type/sequence/filename/description/text/center[72]/div/p[7]/u[1],Conditions to Each Party,sst,131,"[0.854572785899525, 0.2897510348905973, 0.185418095801301, 0.0003366006471897735]",3,261,0.854572785899525,0.2897510348905973,0.185418095801301,0.0003366006471897735,0.854572785899525,3
/html/body/document/type/sequence/filename/description/text/center[72]/div/p[7]/u[2],’,sst,131,"[0.854572785899525, 0.2897510348905973, 0.185418095801301, 0.0003366006471897735]",3,262,0.854572785899525,0.2897510348905973,0.185418095801301,0.0003366006471897735,0.854572785899525,3
/html/body/document/type/sequence/filename/description/text/center[72]/div/p[7]/u[3],s Obligation to Effect the Merger,sst,131,"[0.854572785899525, 0.2897510348905973, 0.185418095801301, 0.0003366006471897735]",3,263,0.854572785899525,0.2897510348905973,0.185418095801301,0.0003366006471897735,0.854572785899525,3
/html/body/document/type/sequence/filename/description/text/center[72]/div/p[8],(a),sssn,137,"[0.8554609505886673, 0.30205263157894735, 0.008753459491425192, 0.0003366006471897735]",1,264,0.8554609505886673,0.30205263157894735,0.008753459491425192,0.0003366006471897735,0.8554609505886673,1
/html/body/document/type/sequence/filename/description/text/center[72]/div/p[8]/u,Shareholder Approval,ssst,132,"[0.8554609505886673, 0.3127770549970431, 0.06941750443524541, 0.0003366006471897735]",1,265,0.8554609505886673,0.3127770549970431,0.06941750443524541,0.0003366006471897735,0.8554609505886673,1
/html/body/document/type/sequence/filename/description/text/center[72]/div/p[9],(b),sssn,138,"[0.8561792853372502, 0.30205263157894735, 0.0091969840331165, 0.0003366006471897735]",1,266,0.8561792853372502,0.30205263157894735,0.0091969840331165,0.0003366006471897735,0.8561792853372502,1
/html/body/document/type/sequence/filename/description/text/center[72]/div/p[9]/u,Form,ssst,133,"[0.8561792853372502, 0.31322057953873444, 0.030017977528089886, 0.0003366006471897735]",2,267,0.8561792853372502,0.31322057953873444,0.030017977528089886,0.0003366006471897735,0.8561792853372502,2
/html/body/document/type/sequence/filename/description/text/center[72]/div/p[9]/u/font,S-4,ssst,133,"[0.8561792853372502, 0.31322057953873444, 0.030017977528089886, 0.0003366006471897735]",2,268,0.8561792853372502,0.31322057953873444,0.030017977528089886,0.0003366006471897735,0.8561792853372502,2
/html/body/document/type/sequence/filename/description/text/center[72]/div/p[10],(c),sssn,139,"[0.8572510499621325, 0.30205263157894735, 0.008753459491425192, 0.00033659835219057674]",1,269,0.8572510499621325,0.30205263157894735,0.008753459491425192,0.00033659835219057674,0.8572510499621325,1
/html/body/document/type/sequence/filename/description/text/center[72]/div/p[10]/u,No Injunctions or Restraints; Illegality,ssst,134,"[0.8572510499621325, 0.3127770549970431, 0.12124837374334714, 0.00033659835219057674]",1,270,0.8572510499621325,0.3127770549970431,0.12124837374334714,0.00033659835219057674,0.8572510499621325,1
/html/body/document/type/sequence/filename/description/text/center[72]/div/p[12],-64-,n,79,"[0.8582310146191449, 0.49332879952690717, 0.013139444115907747, 0.0003366006471897735]",1,271,0.8582310146191449,0.49332879952690717,0.013139444115907747,0.0003366006471897735,0.8582310146191449,1
/html/body/document/type/sequence/filename/description/text/center[73]/div/p[1],7.2,ssn,140,"[0.8591857342849931, 0.2779237137788291, 0.011827321111768185, 0.0003366006471897735]",1,272,0.8591857342849931,0.2779237137788291,0.011827321111768185,0.0003366006471897735,0.8591857342849931,1
/html/body/document/type/sequence/filename/description/text/center[73]/div/p[1]/u[1],Conditions to Obligations of,sst,135,"[0.8591857342849931, 0.2897510348905973, 0.1121377882909521, 0.0003366006471897735]",2,273,0.8591857342849931,0.2897510348905973,0.1121377882909521,0.0003366006471897735,0.8591857342849931,2
/html/body/document/type/sequence/filename/description/text/center[73]/div/p[1]/u[2],Parent,sst,135,"[0.8591857342849931, 0.2897510348905973, 0.1121377882909521, 0.0003366006471897735]",2,274,0.8591857342849931,0.2897510348905973,0.1121377882909521,0.0003366006471897735,0.8591857342849931,2
/html/body/document/type/sequence/filename/description/text/center[73]/div/p[2],(a),sssn,141,"[0.8600738989741353, 0.30205263157894735, 0.008753459491425192, 0.00033659835219057674]",1,275,0.8600738989741353,0.30205263157894735,0.008753459491425192,0.00033659835219057674,0.8600738989741353,1
/html/body/document/type/sequence/filename/description/text/center[73]/div/p[2]/u[1],Representations and Warranties,ssst,146,"[0.8600738989741353, 0.3127770549970431, 0.09950325251330573, 0.0003366006471897735]",1,276,0.8600738989741353,0.3127770549970431,0.09950325251330573,0.0003366006471897735,0.8600738989741353,1
/html/body/document/type/sequence/filename/description/text/center[73]/div/p[3],(b),sssn,145,"[0.8650150322447387, 0.30205263157894735, 0.0091969840331165, 0.0003366006471897735]",1,277,0.8650150322447387,0.30205263157894735,0.0091969840331165,0.0003366006471897735,0.8650150322447387,1
/html/body/document/type/sequence/filename/description/text/center[73]/div/p[3]/u,Performance of Obligations of Company,ssst,147,"[0.8650150322447387, 0.31322057953873444, 0.12824659964518037, 0.0003366006471897735]",1,278,0.8650150322447387,0.31322057953873444,0.12824659964518037,0.0003366006471897735,0.8650150322447387,1
/html/body/document/type/sequence/filename/description/text/center[73]/div/p[4],(c),sssn,144,"[0.866437931746724, 0.30205263157894735, 0.008753459491425192, 0.0003366006471897735]",1,279,0.866437931746724,0.30205263157894735,0.008753459491425192,0.0003366006471897735,0.866437931746724,1
/html/body/document/type/sequence/filename/description/text/center[73]/div/p[4]/u[1],Regulatory Approvals,ssst,148,"[0.866437931746724, 0.3127770549970431, 0.0694240094618569, 0.0003366006471897735]",1,280,0.866437931746724,0.3127770549970431,0.0694240094618569,0.0003366006471897735,0.866437931746724,1
/html/body/document/type/sequence/filename/description/text/center[73]/div/p[6],-65-,n,80,"[0.8695292956647466, 0.49332879952690717, 0.013139444115907747, 0.0003366006471897735]",1,281,0.8695292956647466,0.49332879952690717,0.013139444115907747,0.0003366006471897735,0.8695292956647466,1
/html/body/document/type/sequence/filename/description/text/center[74]/div/p[1],(d),sssn,143,"[0.8704863103297913, 0.30205263157894735, 0.0091969840331165, 0.0003366006471897735]",1,282,0.8704863103297913,0.30205263157894735,0.0091969840331165,0.0003366006471897735,0.8704863103297913,1
/html/body/document/type/sequence/filename/description/text/center[74]/div/p[1]/u,No Material Adverse Effect,ssst,149,"[0.8704863103297913, 0.31322057953873444, 0.08721407451212301, 0.0003366006471897735]",1,283,0.8704863103297913,0.31322057953873444,0.08721407451212301,0.0003366006471897735,0.8704863103297913,1
/html/body/document/type/sequence/filename/description/text/center[74]/div/p[2],(e),sssn,142,"[0.8715557799554771, 0.30205263157894735, 0.008753459491425192, 0.0003366006471897735]",1,284,0.8715557799554771,0.30205263157894735,0.008753459491425192,0.0003366006471897735,0.8715557799554771,1
/html/body/document/type/sequence/filename/description/text/center[74]/div/p[2]/u,Tax Opinion,ssst,150,"[0.8715557799554771, 0.3126357185097576, 0.03952915434654051, 0.0003366006471897735]",1,285,0.8715557799554771,0.3126357185097576,0.03952915434654051,0.0003366006471897735,0.8715557799554771,1
/html/body/document/type/sequence/filename/description/text/center[74]/div/p[3],7.3,ssn,152,"[0.8733321093337617, 0.2779237137788291, 0.00985612063867534, 0.0003366006471897735]",1,286,0.8733321093337617,0.2779237137788291,0.00985612063867534,0.0003366006471897735,0.8733321093337617,1
/html/body/document/type/sequence/filename/description/text/center[74]/div/p[3]/u,Conditions to Obligations of Company,sst,151,"[0.8733321093337617, 0.2897510348905973, 0.1221478415138971, 0.0003366006471897735]",1,287,0.8733321093337617,0.2897510348905973,0.1221478415138971,0.0003366006471897735,0.8733321093337617,1
/html/body/document/type/sequence/filename/description/text/center[74]/div/p[4],(a),sssn,158,"[0.8742179790237075, 0.30205263157894735, 0.008753459491425192, 0.0003366006471897735]",1,288,0.8742179790237075,0.30205263157894735,0.008753459491425192,0.0003366006471897735,0.8742179790237075,1
/html/body/document/type/sequence/filename/description/text/center[74]/div/p[4]/u[1],Representations and Warranties,ssst,159,"[0.8742179790237075, 0.3127770549970431, 0.09950325251330573, 0.0003366006471897735]",1,289,0.8742179790237075,0.3127770549970431,0.09950325251330573,0.0003366006471897735,0.8742179790237075,1
/html/body/document/type/sequence/filename/description/text/center[74]/div/p[5],(b),sssn,157,"[0.8791614072935073, 0.30205263157894735, 0.0091969840331165, 0.0003366006471897735]",1,290,0.8791614072935073,0.30205263157894735,0.0091969840331165,0.0003366006471897735,0.8791614072935073,1
/html/body/document/type/sequence/filename/description/text/center[74]/div/p[5]/u,Performance of Obligations of Parent,ssst,160,"[0.8791614072935073, 0.31322057953873444, 0.11824246008279125, 0.0003366006471897735]",1,291,0.8791614072935073,0.31322057953873444,0.11824246008279125,0.0003366006471897735,0.8791614072935073,1
/html/body/document/type/sequence/filename/description/text/center[74]/div/p[7],-66-,n,81,"[0.8804925068276226, 0.49332879952690717, 0.013139444115907747, 0.0003366006471897735]",1,292,0.8804925068276226,0.49332879952690717,0.013139444115907747,0.0003366006471897735,0.8804925068276226,1
/html/body/document/type/sequence/filename/description/text/center[75]/div/p[1],(c),sssn,156,"[0.8814472264934708, 0.30205263157894735, 0.008753459491425192, 0.0003366006471897735]",1,293,0.8814472264934708,0.30205263157894735,0.008753459491425192,0.0003366006471897735,0.8814472264934708,1
/html/body/document/type/sequence/filename/description/text/center[75]/div/p[1]/u,Regulatory Approvals,ssst,161,"[0.8814472264934708, 0.3127770549970431, 0.0694240094618569, 0.0003366006471897735]",1,294,0.8814472264934708,0.3127770549970431,0.0694240094618569,0.0003366006471897735,0.8814472264934708,1
/html/body/document/type/sequence/filename/description/text/center[75]/div/p[2],(d),sssn,155,"[0.8825189911183531, 0.30205263157894735, 0.0091969840331165, 0.00033659835219057674]",1,295,0.8825189911183531,0.30205263157894735,0.0091969840331165,0.00033659835219057674,0.8825189911183531,1
/html/body/document/type/sequence/filename/description/text/center[75]/div/p[2]/u,No Material Adverse Effect,ssst,162,"[0.8825189911183531, 0.31322057953873444, 0.08721407451212301, 0.00033659835219057674]",1,296,0.8825189911183531,0.31322057953873444,0.08721407451212301,0.00033659835219057674,0.8825189911183531,1
/html/body/document/type/sequence/filename/description/text/center[75]/div/p[3],(e),sssn,154,"[0.8835907557432354, 0.30205263157894735, 0.008753459491425192, 0.0003366006471897735]",1,297,0.8835907557432354,0.30205263157894735,0.008753459491425192,0.0003366006471897735,0.8835907557432354,1
/html/body/document/type/sequence/filename/description/text/center[75]/div/p[3]/u,Tax Opinion,ssst,153,"[0.8835907557432354, 0.3126357185097576, 0.03952915434654051, 0.0003366006471897735]",1,298,0.8835907557432354,0.3126357185097576,0.03952915434654051,0.0003366006471897735,0.8835907557432354,1
/html/body/document/type/sequence/filename/description/text/center[75]/div/p[4]/b,ARTICLE VIII,sn,82,"[0.8857319899938035, 0.4737090479006505, 0.05238515671200473, 0.0003366006471897735]",1,299,0.8857319899938035,0.4737090479006505,0.05238515671200473,0.0003366006471897735,0.8857319899938035,1
/html/body/document/type/sequence/filename/description/text/center[75]/div/p[5]/b,TERMINATION AND AMENDMENT,st,83,"[0.8860831248709063, 0.43425960969840327, 0.13127735068007096, 0.00033659835219057674]",1,300,0.8860831248709063,0.43425960969840327,0.13127735068007096,0.00033659835219057674,0.8860831248709063,1
/html/body/document/type/sequence/filename/description/text/center[75]/div/p[6],8.1,ssn,129,"[0.8868037546186858, 0.2779237137788291, 0.00985612063867534, 0.0003366006471897735]",1,301,0.8868037546186858,0.2779237137788291,0.00985612063867534,0.0003366006471897735,0.8868037546186858,1
/html/body/document/type/sequence/filename/description/text/center[75]/div/p[6]/u,Termination,sst,128,"[0.8868037546186858, 0.28960910703725606, 0.03842649319929036, 0.0003366006471897735]",1,302,0.8868037546186858,0.28960910703725606,0.03842649319929036,0.0003366006471897735,0.8868037546186858,1
/html/body/document/type/sequence/filename/description/text/center[75]/div/p[12],-67-,n,84,"[0.8932756523535216, 0.49332879952690717, 0.013139444115907747, 0.0003366006471897735]",1,303,0.8932756523535216,0.49332879952690717,0.013139444115907747,0.0003366006471897735,0.8932756523535216,1
/html/body/document/type/sequence/filename/description/text/center[76]/div/p[6],-68-,n,85,"[0.9049250682762262, 0.49332879952690717, 0.013139444115907747, 0.0003366006471897735]",1,304,0.9049250682762262,0.49332879952690717,0.013139444115907747,0.0003366006471897735,0.9049250682762262,1
/html/body/document/type/sequence/filename/description/text/center[77]/div/p[2],8.2,ssn,127,"[0.9115277809652766, 0.2779237137788291, 0.00985612063867534, 0.0003366006471897735]",1,305,0.9115277809652766,0.2779237137788291,0.00985612063867534,0.0003366006471897735,0.9115277809652766,1
/html/body/document/type/sequence/filename/description/text/center[77]/div/p[2]/u[1],Effect of Termination,sst,126,"[0.9115277809652766, 0.2897510348905973, 0.0679083382613838, 0.0003366006471897735]",1,306,0.9115277809652766,0.2897510348905973,0.0679083382613838,0.0003366006471897735,0.9115277809652766,1
/html/body/document/type/sequence/filename/description/text/center[77]/div/p[3],8.3,ssn,124,"[0.9140063800977669, 0.2779237137788291, 0.00985612063867534, 0.0003366006471897735]",1,307,0.9140063800977669,0.2779237137788291,0.00985612063867534,0.0003366006471897735,0.9140063800977669,1
/html/body/document/type/sequence/filename/description/text/center[77]/div/p[3]/u,Fees and Expenses,sst,125,"[0.9140063800977669, 0.2897510348905973, 0.05956179775280899, 0.0003366006471897735]",1,308,0.9140063800977669,0.2897510348905973,0.05956179775280899,0.0003366006471897735,0.9140063800977669,1
/html/body/document/type/sequence/filename/description/text/center[77]/div/p[6],-69-,n,86,"[0.916055814380465, 0.49332879952690717, 0.013139444115907747, 0.0003366006471897735]",1,309,0.916055814380465,0.49332879952690717,0.013139444115907747,0.0003366006471897735,0.916055814380465,1
/html/body/document/type/sequence/filename/description/text/center[78]/div/p[11],-70-,n,87,"[0.927737360291924, 0.49332879952690717, 0.013139444115907747, 0.0003366006471897735]",1,310,0.927737360291924,0.49332879952690717,0.013139444115907747,0.0003366006471897735,0.927737360291924,1
/html/body/document/type/sequence/filename/description/text/center[79]/div/p[2],8.4,ssn,123,"[0.930117274458954, 0.2779237137788291, 0.011396096984033117, 0.0003366006471897735]",1,311,0.930117274458954,0.2779237137788291,0.011396096984033117,0.0003366006471897735,0.930117274458954,1
/html/body/document/type/sequence/filename/description/text/center[79]/div/p[2]/u[1],Amendment,sst,122,"[0.930117274458954, 0.28931992903607334, 0.0389808988764045, 0.0003366006471897735]",1,312,0.930117274458954,0.28931992903607334,0.0389808988764045,0.0003366006471897735,0.930117274458954,1
/html/body/document/type/sequence/filename/description/text/center[79]/div/p[3],8.5,ssn,121,"[0.9322447387143414, 0.2779237137788291, 0.011827321111768185, 0.0003366006471897735]",1,313,0.9322447387143414,0.2779237137788291,0.011827321111768185,0.0003366006471897735,0.9322447387143414,1
/html/body/document/type/sequence/filename/description/text/center[79]/div/p[3]/u,Extension; Waiver,sst,120,"[0.9322447387143414, 0.2897510348905973, 0.05768900059136605, 0.0003366006471897735]",1,314,0.9322447387143414,0.2897510348905973,0.05768900059136605,0.0003366006471897735,0.9322447387143414,1
/html/body/document/type/sequence/filename/description/text/center[79]/div/p[4]/b,ARTICLE IX,sn,88,"[0.9350905377183117, 0.4767090479006505, 0.04638527498521585, 0.0003366006471897735]",1,315,0.9350905377183117,0.4767090479006505,0.04638527498521585,0.0003366006471897735,0.9350905377183117,1
/html/body/document/type/sequence/filename/description/text/center[79]/div/p[5]/b,GENERAL PROVISIONS,st,89,"[0.9354416725954146, 0.4550993494973388, 0.08960437610881135, 0.0003366006471897735]",1,316,0.9354416725954146,0.4550993494973388,0.08960437610881135,0.0003366006471897735,0.9354416725954146,1
/html/body/document/type/sequence/filename/description/text/center[79]/div/p[6],9.1,ssn,117,"[0.9361600073439975, 0.2779237137788291, 0.011827321111768185, 0.0003366006471897735]",1,317,0.9361600073439975,0.2779237137788291,0.011827321111768185,0.0003366006471897735,0.9361600073439975,1
/html/body/document/type/sequence/filename/description/text/center[79]/div/p[6]/u[1],Closing,sst,116,"[0.9361600073439975, 0.2897510348905973, 0.024541691306918984, 0.0003366006471897735]",1,318,0.9361600073439975,0.2897510348905973,0.024541691306918984,0.0003366006471897735,0.9361600073439975,1
/html/body/document/type/sequence/filename/description/text/center[79]/div/p[7],9.2,ssn,118,"[0.9389920363527872, 0.2779237137788291, 0.011827321111768185, 0.0003366006471897735]",1,319,0.9389920363527872,0.2779237137788291,0.011827321111768185,0.0003366006471897735,0.9389920363527872,1
/html/body/document/type/sequence/filename/description/text/center[79]/div/p[7]/u[1]/font,Non-survival,sst,115,"[0.9389920363527872, 0.2897510348905973, 0.19322885866351272, 0.0003366006471897735]",2,320,0.9389920363527872,0.2897510348905973,0.19322885866351272,0.0003366006471897735,0.9389920363527872,2
/html/body/document/type/sequence/filename/description/text/center[79]/div/p[7]/u[2],"of Representations, Warranties and Agreements",sst,115,"[0.9389920363527872, 0.2897510348905973, 0.19322885866351272, 0.0003366006471897735]",2,321,0.9389920363527872,0.2897510348905973,0.19322885866351272,0.0003366006471897735,0.9389920363527872,2
/html/body/document/type/sequence/filename/description/text/center[79]/div/p[9],-71-,n,90,"[0.9403231358869024, 0.49332879952690717, 0.013139444115907747, 0.0003366006471897735]",1,322,0.9403231358869024,0.49332879952690717,0.013139444115907747,0.0003366006471897735,0.9403231358869024,1
/html/body/document/type/sequence/filename/description/text/center[80]/div/p[1],9.3,ssn,119,"[0.9412778555527507, 0.2779237137788291, 0.011827321111768185, 0.0003366006471897735]",1,323,0.9412778555527507,0.2779237137788291,0.011827321111768185,0.0003366006471897735,0.9412778555527507,1
/html/body/document/type/sequence/filename/description/text/center[80]/div/p[1]/u,Notices,sst,114,"[0.9412778555527507, 0.2897510348905973, 0.024085866351271436, 0.0003366006471897735]",1,324,0.9412778555527507,0.2897510348905973,0.024085866351271436,0.0003366006471897735,0.9412778555527507,1
/html/body/document/type/sequence/filename/description/text/center[80]/div/p[33],-72-,n,91,"[0.9547265508457072, 0.49332879952690717, 0.013139444115907747, 0.0003366006471897735]",1,325,0.9547265508457072,0.49332879952690717,0.013139444115907747,0.0003366006471897735,0.9547265508457072,1
/html/body/document/type/sequence/filename/description/text/center[81]/div/p[9],9.4,ssn,113,"[0.9590503293323847, 0.2779237137788291, 0.011827321111768185, 0.0003366006471897735]",1,326,0.9590503293323847,0.2779237137788291,0.011827321111768185,0.0003366006471897735,0.9590503293323847,1
/html/body/document/type/sequence/filename/description/text/center[81]/div/p[9]/u[1],Interpretation,sst,112,"[0.9590503293323847, 0.2897510348905973, 0.042910999408633944, 0.0003366006471897735]",1,327,0.9590503293323847,0.2897510348905973,0.042910999408633944,0.0003366006471897735,0.9590503293323847,1
/html/body/document/type/sequence/filename/description/text/center[81]/div/p[10],9.5,ssn,108,"[0.9653982971105961, 0.2779237137788291, 0.011827321111768185, 0.0003366006471897735]",1,328,0.9653982971105961,0.2779237137788291,0.011827321111768185,0.0003366006471897735,0.9653982971105961,1
/html/body/document/type/sequence/filename/description/text/center[81]/div/p[10]/u,Counterparts,sst,109,"[0.9653982971105961, 0.2897510348905973, 0.04073033707865169, 0.0003366006471897735]",1,329,0.9653982971105961,0.2897510348905973,0.04073033707865169,0.0003366006471897735,0.9653982971105961,1
/html/body/document/type/sequence/filename/description/text/center[81]/div/p[12],-73-,n,92,"[0.9667293966447112, 0.49332879952690717, 0.013139444115907747, 0.0003366006471897735]",1,330,0.9667293966447112,0.49332879952690717,0.013139444115907747,0.0003366006471897735,0.9667293966447112,1
/html/body/document/type/sequence/filename/description/text/center[82]/div/p[1],9.6,ssn,107,"[0.9676864113097561, 0.2779237137788291, 0.011827321111768185, 0.0003366006471897735]",1,331,0.9676864113097561,0.2779237137788291,0.011827321111768185,0.0003366006471897735,0.9676864113097561,1
/html/body/document/type/sequence/filename/description/text/center[82]/div/p[1]/u,Entire Agreement,sst,110,"[0.9676864113097561, 0.2897510348905973, 0.05583483146067416, 0.0003366006471897735]",1,332,0.9676864113097561,0.2897510348905973,0.05583483146067416,0.0003366006471897735,0.9676864113097561,1
/html/body/document/type/sequence/filename/description/text/center[82]/div/p[2],9.7,ssn,106,"[0.9691093108117412, 0.2779237137788291, 0.011827321111768185, 0.0003366006471897735]",1,333,0.9691093108117412,0.2779237137788291,0.011827321111768185,0.0003366006471897735,0.9691093108117412,1
/html/body/document/type/sequence/filename/description/text/center[82]/div/p[2]/u[1],Governing Law; Jurisdiction,sst,111,"[0.9691093108117412, 0.2897510348905973, 0.0906635127143702, 0.0003366006471897735]",1,334,0.9691093108117412,0.2897510348905973,0.0906635127143702,0.0003366006471897735,0.9691093108117412,1
/html/body/document/type/sequence/filename/description/text/center[82]/div/p[3],9.8,ssn,102,"[0.9729947444518395, 0.2779237137788291, 0.011685629804849202, 0.0003366006471897735]",1,335,0.9729947444518395,0.2779237137788291,0.011685629804849202,0.0003366006471897735,0.9729947444518395,1
/html/body/document/type/sequence/filename/description/text/center[82]/div/p[3]/u[1],Waiver of Jury Trial,sst,105,"[0.9729947444518395, 0.28960910703725606, 0.0635351862803075, 0.0003366006471897735]",1,336,0.9729947444518395,0.28960910703725606,0.0635351862803075,0.0003366006471897735,0.9729947444518395,1
/html/body/document/type/sequence/filename/description/text/center[82]/div/p[4],9.9,ssn,103,"[0.9761779083377321, 0.2779237137788291, 0.011827321111768185, 0.00033659835219057674]",1,337,0.9761779083377321,0.2779237137788291,0.011827321111768185,0.00033659835219057674,0.9761779083377321,1
/html/body/document/type/sequence/filename/description/text/center[82]/div/p[4]/u[1],Publicity,sst,104,"[0.9761779083377321, 0.2897510348905973, 0.02796670609107037, 0.00033659835219057674]",1,338,0.9761779083377321,0.2897510348905973,0.02796670609107037,0.00033659835219057674,0.9761779083377321,1
/html/body/document/type/sequence/filename/description/text/center[82]/div/p[6],-74-,n,93,"[0.9792692722557547, 0.49332879952690717, 0.013139444115907747, 0.0003366006471897735]",1,339,0.9792692722557547,0.49332879952690717,0.013139444115907747,0.0003366006471897735,0.9792692722557547,1
/html/body/document/type/sequence/filename/description/text/center[83]/div/p[1],9.10,ssn,101,"[0.9802239919216029, 0.2779237137788291, 0.015338557066824365, 0.0003366006471897735]",1,340,0.9802239919216029,0.2779237137788291,0.015338557066824365,0.0003366006471897735,0.9802239919216029,1
/html/body/document/type/sequence/filename/description/text/center[83]/div/p[1]/u[1],Assignment; Third-Party Beneficiaries,sst,98,"[0.9802239919216029, 0.29326197516262564, 0.12204316972205795, 0.0003366006471897735]",1,341,0.9802239919216029,0.29326197516262564,0.12204316972205795,0.0003366006471897735,0.9802239919216029,1
/html/body/document/type/sequence/filename/description/text/center[83]/div/p[2],9.11,ssn,100,"[0.9830560209303926, 0.2779237137788291, 0.015480248373743347, 0.0003366006471897735]",1,342,0.9830560209303926,0.2779237137788291,0.015480248373743347,0.0003366006471897735,0.9830560209303926,1
/html/body/document/type/sequence/filename/description/text/center[83]/div/p[2]/u,Specific Performance,sst,97,"[0.9830560209303926, 0.2934039030159669, 0.0680869308101715, 0.0003366006471897735]",1,343,0.9830560209303926,0.2934039030159669,0.0680869308101715,0.0003366006471897735,0.9830560209303926,1
/html/body/document/type/sequence/filename/description/text/center[83]/div/p[3],9.12,ssn,99,"[0.9844789204323778, 0.2779237137788291, 0.01379852158486103, 0.0003366006471897735]",1,344,0.9844789204323778,0.2779237137788291,0.01379852158486103,0.0003366006471897735,0.9844789204323778,1
/html/body/document/type/sequence/filename/description/text/center[83]/div/p[3]/u,Disclosure Schedule,sst,96,"[0.9844789204323778, 0.29369308101714964, 0.06460082791247782, 0.0003366006471897735]",1,345,0.9844789204323778,0.29369308101714964,0.06460082791247782,0.0003366006471897735,0.9844789204323778,1
/html/body/document/type/sequence/filename/description/text/center[83]/div/p[7],-75-,n,94,"[0.9900626534780713, 0.49332879952690717, 0.013139444115907747, 0.00033659835219057674]",1,346,0.9900626534780713,0.49332879952690717,0.013139444115907747,0.00033659835219057674,0.9900626534780713,1
/html/body/document/type/sequence/filename/description/text/center[84]/div/p[4],-76-,n,95,"[0.9930691024258141, 0.49332879952690717, 0.013139444115907747, 0.00033659835219057674]",1,347,0.9930691024258141,0.49332879952690717,0.013139444115907747,0.00033659835219057674,0.9930691024258141,1
